0,20.0
1,38.8
2,55.4
3,70.4
4,84.0
5,96.5
6,108.1
7,118.8
8,128.8
9,138.1
10,147.0
11,155.3
12,163.2
13,170.7
14,177.8
15,184.6
16,191.1
17,197.4
18,203.4
19,209.1
20,214.7
21,220.0
22,225.2
23,230.2
24,235.0
25,239.7
26,244.2
27,248.7
28,252.9
29,257.1
30,261.1
31,265.1
32,268.9
33,272.7
34,276.3
35,279.9
36,283.4
37,286.8
38,290.1
39,293.4
40,296.6
41,299.7
42,302.7
43,305.7
44,308.7
45,311.6
46,314.4
47,317.2
48,319.9
49,322.6
50,325.2
51,327.8
52,330.3
53,332.8
54,335.3
55,337.7
56,340.1
57,342.4
58,344.7
59,347.0
60,349.2
61,351.4
62,353.6
63,355.7
64,357.8
65,359.9
66,362.0
67,364.0
68,366.0
69,368.0
70,369.9
71,371.8
72,373.7
73,375.6
74,377.5
75,379.3
76,381.1
77,382.9
78,384.6
79,386.4
80,388.1
81,389.8
82,391.5
83,393.1
84,394.8
85,396.4
86,398.0
87,399.6
88,401.2
89,402.8
90,404.3
91,405.8
92,407.4
93,408.9
94,410.3
95,411.8
96,413.3
97,414.7
98,416.1
99,417.5
100,418.9
101,420.3
102,421.7
103,423.1
104,424.4
105,425.8
106,427.1
107,428.4
108,429.7
109,431.0
110,432.3
111,433.5
112,434.8
113,436.0
114,437.3
115,438.5
116,439.7
117,440.9
118,442.1
119,443.3
120,444.5
121,445.7
122,446.8
123,448.0
124,449.1
125,450.3
126,451.4
127,452.5
128,453.6
129,454.7
130,455.8
131,456.9
132,458.0
133,459.1
134,460.1
135,461.2
136,462.2
137,463.3
138,464.3
139,465.3
140,466.3
141,467.3
142,468.4
143,469.4
144,470.3
145,471.3
146,472.3
147,473.3
148,474.3
149,475.2
150,476.2
151,477.1
152,478.1
153,479.0
154,479.9
155,480.8
156,481.8
157,482.7
158,483.6
159,484.5
160,485.4
161,486.3
162,487.2
163,488.0
164,488.9
165,489.8
166,490.7
167,491.5
168,492.4
169,493.2
170,494.1
171,494.9
172,495.8
173,496.6
174,497.4
175,498.2
176,499.1
177,499.9
178,500.0
179,500.0
180,500.0
181,500.0
182,500.0
183,500.0
184,500.0
185,500.0
186,500.0
187,500.0
188,500.0
189,500.0
190,500.0
191,500.0
192,500.0
193,500.0
194,500.0
195,500.0
196,500.0
197,500.0
198,500.0
199,500.0
200,500.0
201,500.0
202,500.0
203,500.0
204,500.0
205,500.0
206,500.0
207,500.0
208,500.0
209,500.0
210,500.0
211,500.0
212,500.0
213,500.0
214,500.0
215,500.0
216,500.0
217,500.0
218,500.0
219,500.0
220,500.0
221,500.0
222,500.0
223,500.0
224,500.0
225,500.0
226,500.0
227,500.0
228,500.0
229,500.0
230,500.0
231,500.0
232,500.0
233,500.0
234,500.0
235,500.0
236,500.0
237,500.0
238,500.0
239,500.0
240,500.0
241,500.0
242,500.0
243,500.0
244,500.0
245,500.0
246,500.0
247,500.0
248,500.0
249,500.0
250,500.0
251,500.0
252,500.0
253,500.0
254,500.0
255,500.0
256,500.0
257,500.0
258,500.0
259,500.0
260,500.0
261,500.0
262,500.0
263,500.0
264,500.0
265,500.0
266,500.0
267,500.0
268,500.0
269,500.0
270,500.0
271,500.0
272,500.0
273,500.0
274,500.0
275,500.0
276,500.0
277,500.0
278,500.0
279,500.0
280,500.0
281,500.0
282,500.0
283,500.0
284,500.0
285,500.0
286,500.0
287,500.0
288,500.0
289,500.0
290,500.0
291,500.0
292,500.0
293,500.0
294,500.0
295,500.0
296,500.0
297,500.0
298,500.0
299,500.0
300,500.0
301,500.0
302,500.0
303,500.0
304,500.0
305,500.0
306,500.0
307,500.0
308,500.0
309,500.0
310,500.0
311,500.0
312,500.0
313,500.0
314,500.0
315,500.0
316,500.0
317,500.0
318,500.0
319,500.0
320,500.0
321,500.0
322,500.0
323,500.0
324,500.0
325,500.0
326,500.0
327,500.0
328,500.0
329,500.0
330,500.0
331,500.0
332,500.0
333,500.0
334,500.0
335,500.0
336,500.0
337,500.0
338,500.0
339,500.0
340,500.0
341,500.0
342,500.0
343,500.0
344,500.0
345,500.0
346,500.0
347,500.0
348,500.0
349,500.0
350,500.0
351,500.0
352,500.0
353,500.0
354,500.0
355,500.0
356,500.0
357,500.0
358,500.0
359,500.0
360,500.0
361,500.0
362,500.0
363,500.0
364,500.0
365,500.0
366,500.0
367,500.0
368,500.0
369,500.0
370,500.0
371,500.0
372,500.0
373,500.0
374,500.0
375,500.0
376,500.0
377,500.0
378,500.0
379,500.0
380,500.0
381,500.0
382,500.0
383,500.0
384,500.0
385,500.0
386,500.0
387,500.0
388,500.0
389,500.0
390,500.0
391,500.0
392,500.0
393,500.0
394,500.0
395,500.0
396,500.0
397,500.0
398,500.0
399,500.0
400,500.0
401,500.0
402,500.0
403,500.0
404,500.0
405,500.0
406,500.0
407,500.0
408,500.0
409,500.0
410,500.0
411,500.0
412,500.0
413,500.0
414,500.0
415,500.0
416,500.0
417,500.0
418,500.0
419,500.0
420,500.0
421,500.0
422,500.0
423,500.0
424,500.0
425,500.0
426,500.0
427,500.0
428,500.0
429,500.0
430,500.0
431,500.0
432,500.0
433,500.0
434,500.0
435,500.0
436,500.0
437,500.0
438,500.0
439,500.0
440,500.0
441,500.0
442,500.0
443,500.0
444,500.0
445,500.0
446,500.0
447,500.0
448,500.0
449,500.0
450,500.0
451,500.0
452,500.0
453,500.0
454,500.0
455,500.0
456,500.0
457,500.0
458,500.0
459,500.0
460,500.0
461,500.0
462,500.0
463,500.0
464,500.0
465,500.0
466,500.0
467,500.0
468,500.0
469,500.0
470,500.0
471,500.0
472,500.0
473,500.0
474,500.0
475,500.0
476,500.0
477,500.0
478,500.0
479,500.0
480,500.0
481,500.0
482,500.0
483,500.0
484,500.0
485,500.0
486,500.0
487,500.0
488,500.0
489,500.0
490,500.0
491,500.0
492,500.0
493,500.0
494,500.0
495,500.0
496,500.0
497,500.0
498,500.0
499,500.0
500,500.0
501,500.0
502,500.0
503,500.0
504,500.0
505,500.0
506,500.0
507,500.0
508,500.0
509,500.0
510,500.0
511,500.0
512,500.0
513,500.0
514,500.0
515,500.0
516,500.0
517,500.0
518,500.0
519,500.0
520,500.0
521,500.0
522,500.0
523,500.0
524,500.0
525,500.0
526,500.0
527,500.0
528,500.0
529,500.0
530,500.0
531,500.0
532,500.0
533,500.0
534,500.0
535,500.0
536,500.0
537,500.0
538,500.0
539,500.0
540,500.0
541,500.0
542,500.0
543,500.0
544,500.0
545,500.0
546,500.0
547,500.0
548,500.0
549,500.0
550,500.0
551,500.0
552,500.0
553,500.0
554,500.0
555,500.0
556,500.0
557,500.0
558,500.0
559,500.0
560,500.0
561,500.0
562,500.0
563,500.0
564,500.0
565,500.0
566,500.0
567,500.0
568,500.0
569,500.0
570,500.0
571,500.0
572,500.0
573,500.0
574,500.0
575,500.0
576,500.0
577,500.0
578,500.0
579,500.0
580,500.0
581,500.0
582,500.0
583,500.0
584,500.0
585,500.0
586,500.0
587,500.0
588,500.0
589,500.0
590,500.0
591,500.0
592,500.0
593,500.0
594,500.0
595,500.0
596,500.0
597,500.0
598,500.0
599,500.0
600,500.0
601,500.0
602,500.0
603,500.0
604,500.0
605,500.0
606,500.0
607,500.0
608,500.0
609,500.0
610,500.0
611,500.0
612,500.0
613,500.0
614,500.0
615,500.0
616,500.0
617,500.0
618,500.0
619,500.0
620,500.0
621,500.0
622,500.0
623,500.0
624,500.0
625,500.0
626,500.0
627,500.0
628,500.0
629,500.0
630,500.0
631,500.0
632,500.0
633,500.0
634,500.0
635,500.0
636,500.0
637,500.0
638,500.0
639,500.0
640,500.0
641,500.0
642,500.0
643,500.0
644,500.0
645,500.0
646,500.0
647,500.0
648,500.0
649,500.0
650,500.0
651,500.0
652,500.0
653,500.0
654,500.0
655,500.0
656,500.0
657,500.0
658,500.0
659,500.0
660,500.0
661,500.0
662,500.0
663,500.0
664,500.0
665,500.0
666,500.0
667,500.0
668,500.0
669,500.0
670,500.0
671,500.0
672,500.0
673,500.0
674,500.0
675,500.0
676,500.0
677,500.0
678,500.0
679,500.0
680,500.0
681,500.0
682,500.0
683,500.0
684,500.0
685,500.0
686,500.0
687,500.0
688,500.0
689,500.0
690,500.0
691,500.0
692,500.0
693,500.0
694,500.0
695,500.0
696,500.0
697,500.0
698,500.0
699,500.0
700,500.0
701,500.0
702,500.0
703,500.0
704,500.0
705,500.0
706,500.0
707,500.0
708,500.0
709,500.0
710,500.0
711,500.0
712,500.0
713,500.0
714,500.0
715,500.0
716,500.0
717,500.0
718,500.0
719,500.0
720,500.0
721,500.0
722,500.0
723,500.0
724,500.0
725,500.0
726,500.0
727,500.0
728,500.0
729,500.0
730,500.0
731,500.0
732,500.0
733,500.0
734,500.0
735,500.0
736,500.0
737,500.0
738,500.0
739,500.0
740,500.0
741,500.0
742,500.0
743,500.0
744,500.0
745,500.0
746,500.0
747,500.0
748,500.0
749,500.0
750,500.0
751,500.0
752,500.0
753,500.0
754,500.0
755,500.0
756,500.0
757,500.0
758,500.0
759,500.0
760,500.0
761,500.0
762,500.0
763,500.0
764,500.0
765,500.0
766,500.0
767,500.0
768,500.0
769,500.0
770,500.0
771,500.0
772,500.0
773,500.0
774,500.0
775,500.0
776,500.0
777,500.0
778,500.0
779,500.0
780,500.0
781,500.0
782,500.0
783,500.0
784,500.0
785,500.0
786,500.0
787,500.0
788,500.0
789,500.0
790,500.0
791,500.0
792,500.0
793,500.0
794,500.0
795,500.0
796,500.0
797,500.0
798,500.0
799,500.0
800,500.0
801,500.0
802,500.0
803,500.0
804,500.0
805,500.0
806,500.0
807,500.0
808,500.0
809,500.0
810,500.0
811,500.0
812,500.0
813,500.0
814,500.0
815,500.0
816,500.0
817,500.0
818,500.0
819,500.0
820,500.0
821,500.0
822,500.0
823,500.0
824,500.0
825,500.0
826,500.0
827,500.0
828,500.0
829,500.0
830,500.0
831,500.0
832,500.0
833,500.0
834,500.0
835,500.0
836,500.0
837,500.0
838,500.0
839,500.0
840,500.0
841,500.0
842,500.0
843,500.0
844,500.0
845,500.0
846,500.0
847,500.0
848,500.0
849,500.0
850,500.0
851,500.0
852,500.0
853,500.0
854,500.0
855,500.0
856,500.0
857,500.0
858,500.0
859,500.0
860,500.0
861,500.0
862,500.0
863,500.0
864,500.0
865,500.0
866,500.0
867,500.0
868,500.0
869,500.0
870,500.0
871,500.0
872,500.0
873,500.0
874,500.0
875,500.0
876,500.0
877,500.0
878,500.0
879,500.0
880,500.0
881,500.0
882,500.0
883,500.0
884,500.0
885,500.0
886,500.0
887,500.0
888,500.0
889,500.0
890,500.0
891,500.0
892,500.0
893,500.0
894,500.0
895,500.0
896,500.0
897,500.0
898,500.0
899,500.0
900,500.0
901,500.0
902,500.0
903,500.0
904,500.0
905,500.0
906,500.0
907,500.0
908,500.0
909,500.0
910,500.0
911,500.0
912,500.0
913,500.0
914,500.0
915,500.0
916,500.0
917,500.0
918,500.0
919,500.0
920,500.0
921,500.0
922,500.0
923,500.0
924,500.0
925,500.0
926,500.0
927,500.0
928,500.0
929,500.0
930,500.0
931,500.0
932,500.0
933,500.0
934,500.0
935,500.0
936,500.0
937,500.0
938,500.0
939,500.0
940,500.0
941,500.0
942,500.0
943,500.0
944,500.0
945,500.0
946,500.0
947,500.0
948,500.0
949,500.0
950,500.0
951,500.0
952,500.0
953,500.0
954,500.0
955,500.0
956,500.0
957,500.0
958,500.0
959,500.0
960,500.0
961,500.0
962,500.0
963,500.0
964,500.0
965,500.0
966,500.0
967,500.0
968,500.0
969,500.0
970,500.0
971,500.0
972,500.0
973,500.0
974,500.0
975,500.0
976,500.0
977,500.0
978,500.0
979,500.0
980,500.0
981,500.0
982,500.0
983,500.0
984,500.0
985,500.0
986,500.0
987,500.0
988,500.0
989,500.0
990,500.0
991,500.0
992,500.0
993,500.0
994,500.0
995,500.0
996,500.0
997,500.0
998,500.0
999,500.0
1000,500.0
1001,500.0
1002,500.0
1003,500.0
1004,500.0
1005,500.0
1006,500.0
1007,500.0
1008,500.0
1009,500.0
1010,500.0
1011,500.0
1012,500.0
1013,500.0
1014,500.0
1015,500.0
1016,500.0
1017,500.0
1018,500.0
1019,500.0
1020,500.0
1021,500.0
1022,500.0
1023,500.0
1024,500.0
1025,500.0
1026,500.0
1027,500.0
1028,500.0
1029,500.0
1030,500.0
1031,500.0
1032,500.0
1033,500.0
1034,500.0
1035,500.0
1036,500.0
1037,500.0
1038,500.0
1039,500.0
1040,500.0
1041,500.0
1042,500.0
1043,500.0
1044,500.0
1045,500.0
1046,500.0
1047,500.0
1048,500.0
1049,500.0
1050,500.0
1051,500.0
1052,500.0
1053,500.0
1054,500.0
1055,500.0
1056,500.0
1057,500.0
1058,500.0
1059,500.0
1060,500.0
1061,500.0
1062,500.0
1063,500.0
1064,500.0
1065,500.0
1066,500.0
1067,500.0
1068,500.0
1069,500.0
1070,500.0
1071,500.0
1072,500.0
1073,500.0
1074,500.0
1075,500.0
1076,500.0
1077,500.0
1078,500.0
1079,500.0
1080,500.0
1081,500.0
1082,500.0
1083,500.0
1084,500.0
1085,500.0
1086,500.0
1087,500.0
1088,500.0
1089,500.0
1090,500.0
1091,500.0
1092,500.0
1093,500.0
1094,500.0
1095,500.0
1096,500.0
1097,500.0
1098,500.0
1099,500.0
1100,500.0
1101,500.0
1102,500.0
1103,500.0
1104,500.0
1105,500.0
1106,500.0
1107,500.0
1108,500.0
1109,500.0
1110,500.0
1111,500.0
1112,500.0
1113,500.0
1114,500.0
1115,500.0
1116,500.0
1117,500.0
1118,500.0
1119,500.0
1120,500.0
1121,500.0
1122,500.0
1123,500.0
1124,500.0
1125,500.0
1126,500.0
1127,500.0
1128,500.0
1129,500.0
1130,500.0
1131,500.0
1132,500.0
1133,500.0
1134,500.0
1135,500.0
1136,500.0
1137,500.0
1138,500.0
1139,500.0
1140,500.0
1141,500.0
1142,500.0
1143,500.0
1144,500.0
1145,500.0
1146,500.0
1147,500.0
1148,500.0
1149,500.0
1150,500.0
1151,500.0
1152,500.0
1153,500.0
1154,500.0
1155,500.0
1156,500.0
1157,500.0
1158,500.0
1159,500.0
1160,500.0
1161,500.0
1162,500.0
1163,500.0
1164,500.0
1165,500.0
1166,500.0
1167,500.0
1168,500.0
1169,500.0
1170,500.0
1171,500.0
1172,500.0
1173,500.0
1174,500.0
1175,500.0
1176,500.0
1177,500.0
1178,500.0
1179,500.0
1180,500.0
1181,500.0
1182,500.0
1183,500.0
1184,500.0
1185,500.0
1186,500.0
1187,500.0
1188,500.0
1189,500.0
1190,500.0
1191,500.0
1192,500.0
1193,500.0
1194,500.0
1195,500.0
1196,500.0
1197,500.0
1198,500.0
1199,500.0
1200,500.0
1201,500.0
1202,500.0
1203,500.0
1204,500.0
1205,500.0
1206,500.0
1207,500.0
1208,500.0
1209,500.0
1210,500.0
1211,500.0
1212,500.0
1213,500.0
1214,500.0
1215,500.0
1216,500.0
1217,500.0
1218,500.0
1219,500.0
1220,500.0
1221,500.0
1222,500.0
1223,500.0
1224,500.0
1225,500.0
1226,500.0
1227,500.0
1228,500.0
1229,500.0
1230,500.0
1231,500.0
1232,500.0
1233,500.0
1234,500.0
1235,500.0
1236,500.0
1237,500.0
1238,500.0
1239,500.0
1240,500.0
1241,500.0
1242,500.0
1243,500.0
1244,500.0
1245,500.0
1246,500.0
1247,500.0
1248,500.0
1249,500.0
1250,500.0
1251,500.0
1252,500.0
1253,500.0
1254,500.0
1255,500.0
1256,500.0
1257,500.0
1258,500.0
1259,500.0
1260,500.0
1261,500.0
1262,500.0
1263,500.0
1264,500.0
1265,500.0
1266,500.0
1267,500.0
1268,500.0
1269,500.0
1270,500.0
1271,500.0
1272,500.0
1273,500.0
1274,500.0
1275,500.0
1276,500.0
1277,500.0
1278,500.0
1279,500.0
1280,500.0
1281,500.0
1282,500.0
1283,500.0
1284,500.0
1285,500.0
1286,500.0
1287,500.0
1288,500.0
1289,500.0
1290,500.0
1291,500.0
1292,500.0
1293,500.0
1294,500.0
1295,500.0
1296,500.0
1297,500.0
1298,500.0
1299,500.0
1300,500.0
1301,500.0
1302,500.0
1303,500.0
1304,500.0
1305,500.0
1306,500.0
1307,500.0
1308,500.0
1309,500.0
1310,500.0
1311,500.0
1312,500.0
1313,500.0
1314,500.0
1315,500.0
1316,500.0
1317,500.0
1318,500.0
1319,500.0
1320,500.0
1321,500.0
1322,500.0
1323,500.0
1324,500.0
1325,500.0
1326,500.0
1327,500.0
1328,500.0
1329,500.0
1330,500.0
1331,500.0
1332,500.0
1333,500.0
1334,500.0
1335,500.0
1336,500.0
1337,500.0
1338,500.0
1339,500.0
1340,500.0
1341,500.0
1342,500.0
1343,500.0
1344,500.0
1345,500.0
1346,500.0
1347,500.0
1348,500.0
1349,500.0
1350,500.0
1351,500.0
1352,500.0
1353,500.0
1354,500.0
1355,500.0
1356,500.0
1357,500.0
1358,500.0
1359,500.0
1360,500.0
1361,500.0
1362,500.0
1363,500.0
1364,500.0
1365,500.0
1366,500.0
1367,500.0
1368,500.0
1369,500.0
1370,500.0
1371,500.0
1372,500.0
1373,500.0
1374,500.0
1375,500.0
1376,500.0
1377,500.0
1378,500.0
1379,500.0
1380,500.0
1381,500.0
1382,500.0
1383,500.0
1384,500.0
1385,500.0
1386,500.0
1387,500.0
1388,500.0
1389,500.0
1390,500.0
1391,500.0
1392,500.0
1393,500.0
1394,500.0
1395,500.0
1396,500.0
1397,500.0
1398,500.0
1399,500.0
1400,500.0
1401,500.0
1402,500.0
1403,500.0
1404,500.0
1405,500.0
1406,500.0
1407,500.0
1408,500.0
1409,500.0
1410,500.0
1411,500.0
1412,500.0
1413,500.0
1414,500.0
1415,500.0
1416,500.0
1417,500.0
1418,500.0
1419,500.0
1420,500.0
1421,500.0
1422,500.0
1423,500.0
1424,500.0
1425,500.0
1426,500.0
1427,500.0
1428,500.0
1429,500.0
1430,500.0
1431,500.0
1432,500.0
1433,500.0
1434,500.0
1435,500.0
1436,500.0
1437,500.0
1438,500.0
1439,500.0
1440,500.0
1441,500.0
1442,500.0
1443,500.0
1444,500.0
1445,500.0
1446,500.0
1447,500.0
1448,500.0
1449,500.0
1450,500.0
1451,500.0
1452,500.0
1453,500.0
1454,500.0
1455,500.0
1456,500.0
1457,500.0
1458,500.0
1459,500.0
1460,500.0
1461,500.0
1462,500.0
1463,500.0
1464,500.0
1465,500.0
1466,500.0
1467,500.0
1468,500.0
1469,500.0
1470,500.0
1471,500.0
1472,500.0
1473,500.0
1474,500.0
1475,500.0
1476,500.0
1477,500.0
1478,500.0
1479,500.0
1480,500.0
1481,500.0
1482,500.0
1483,500.0
1484,500.0
1485,500.0
1486,500.0
1487,500.0
1488,500.0
1489,500.0
1490,500.0
1491,500.0
1492,500.0
1493,500.0
1494,500.0
1495,500.0
1496,500.0
1497,500.0
1498,500.0
1499,500.0
1500,500.0
1501,500.0
1502,500.0
1503,500.0
1504,500.0
1505,500.0
1506,500.0
1507,500.0
1508,500.0
1509,500.0
1510,500.0
1511,500.0
1512,500.0
1513,500.0
1514,500.0
1515,500.0
1516,500.0
1517,500.0
1518,500.0
1519,500.0
1520,500.0
1521,500.0
1522,500.0
1523,500.0
1524,500.0
1525,500.0
1526,500.0
1527,500.0
1528,500.0
1529,500.0
1530,500.0
1531,500.0
1532,500.0
1533,500.0
1534,500.0
1535,500.0
1536,500.0
1537,500.0
1538,500.0
1539,500.0
1540,500.0
1541,500.0
1542,500.0
1543,500.0
1544,500.0
1545,500.0
1546,500.0
1547,500.0
1548,500.0
1549,500.0
1550,500.0
1551,500.0
1552,500.0
1553,500.0
1554,500.0
1555,500.0
1556,500.0
1557,500.0
1558,500.0
1559,500.0
1560,500.0
1561,500.0
1562,500.0
1563,500.0
1564,500.0
1565,500.0
1566,500.0
1567,500.0
1568,500.0
1569,500.0
1570,500.0
1571,500.0
1572,500.0
1573,500.0
1574,500.0
1575,500.0
1576,500.0
1577,500.0
1578,500.0
1579,500.0
1580,500.0
1581,500.0
1582,500.0
1583,500.0
1584,500.0
1585,500.0
1586,500.0
1587,500.0
1588,500.0
1589,500.0
1590,500.0
1591,500.0
1592,500.0
1593,500.0
1594,500.0
1595,500.0
1596,500.0
1597,500.0
1598,500.0
1599,500.0
1600,500.0
1601,500.0
1602,500.0
1603,500.0
1604,500.0
1605,500.0
1606,500.0
1607,500.0
1608,500.0
1609,500.0
1610,500.0
1611,500.0
1612,500.0
1613,500.0
1614,500.0
1615,500.0
1616,500.0
1617,500.0
1618,500.0
1619,500.0
1620,500.0
1621,500.0
1622,500.0
1623,500.0
1624,500.0
1625,500.0
1626,500.0
1627,500.0
1628,500.0
1629,500.0
1630,500.0
1631,500.0
1632,500.0
1633,500.0
1634,500.0
1635,500.0
1636,500.0
1637,500.0
1638,500.0
1639,500.0
1640,500.0
1641,500.0
1642,500.0
1643,500.0
1644,500.0
1645,500.0
1646,500.0
1647,500.0
1648,500.0
1649,500.0
1650,500.0
1651,500.0
1652,500.0
1653,500.0
1654,500.0
1655,500.0
1656,500.0
1657,500.0
1658,500.0
1659,500.0
1660,500.0
1661,500.0
1662,500.0
1663,500.0
1664,500.0
1665,500.0
1666,500.0
1667,500.0
1668,500.0
1669,500.0
1670,500.0
1671,500.0
1672,500.0
1673,500.0
1674,500.0
1675,500.0
1676,500.0
1677,500.0
1678,500.0
1679,500.0
1680,500.0
1681,500.0
1682,500.0
1683,500.0
1684,500.0
1685,500.0
1686,500.0
1687,500.0
1688,500.0
1689,500.0
1690,500.0
1691,500.0
1692,500.0
1693,500.0
1694,500.0
1695,500.0
1696,500.0
1697,500.0
1698,500.0
1699,500.0
1700,500.0
1701,500.0
1702,500.0
1703,500.0
1704,500.0
1705,500.0
1706,500.0
1707,500.0
1708,500.0
1709,500.0
1710,500.0
1711,500.0
1712,500.0
1713,500.0
1714,500.0
1715,500.0
1716,500.0
1717,500.0
1718,500.0
1719,500.0
1720,500.0
1721,500.0
1722,500.0
1723,500.0
1724,500.0
1725,500.0
1726,500.0
1727,500.0
1728,500.0
1729,500.0
1730,500.0
1731,500.0
1732,500.0
1733,500.0
1734,500.0
1735,500.0
1736,500.0
1737,500.0
1738,500.0
1739,500.0
1740,500.0
1741,500.0
1742,500.0
1743,500.0
1744,500.0
1745,500.0
1746,500.0
1747,500.0
1748,500.0
1749,500.0
1750,500.0
1751,500.0
1752,500.0
1753,500.0
1754,500.0
1755,500.0
1756,500.0
1757,500.0
1758,500.0
1759,500.0
1760,500.0
1761,500.0
1762,500.0
1763,500.0
1764,500.0
1765,500.0
1766,500.0
1767,500.0
1768,500.0
1769,500.0
1770,500.0
1771,500.0
1772,500.0
1773,500.0
1774,500.0
1775,500.0
1776,500.0
1777,500.0
1778,500.0
1779,500.0
1780,500.0
1781,500.0
1782,500.0
1783,500.0
1784,500.0
1785,500.0
1786,500.0
1787,500.0
1788,500.0
1789,500.0
1790,500.0
1791,500.0
1792,500.0
1793,500.0
1794,500.0
1795,500.0
1796,500.0
1797,500.0
1798,500.0
1799,500.0
1800,500.0
1801,500.0
1802,500.0
1803,500.0
1804,500.0
1805,500.0
1806,500.0
1807,500.0
1808,500.0
1809,500.0
1810,500.0
1811,500.0
1812,500.0
1813,500.0
1814,500.0
1815,500.0
1816,500.0
1817,500.0
1818,500.0
1819,500.0
1820,500.0
1821,500.0
1822,500.0
1823,500.0
1824,500.0
1825,500.0
1826,500.0
1827,500.0
1828,500.0
1829,500.0
1830,500.0
1831,500.0
1832,500.0
1833,500.0
1834,500.0
1835,500.0
1836,500.0
1837,500.0
1838,500.0
1839,500.0
1840,500.0
1841,500.0
1842,500.0
1843,500.0
1844,500.0
1845,500.0
1846,500.0
1847,500.0
1848,500.0
1849,500.0
1850,500.0
1851,500.0
1852,500.0
1853,500.0
1854,500.0
1855,500.0
1856,500.0
1857,500.0
1858,500.0
1859,500.0
1860,500.0
1861,500.0
1862,500.0
1863,500.0
1864,500.0
1865,500.0
1866,500.0
1867,500.0
1868,500.0
1869,500.0
1870,500.0
1871,500.0
1872,500.0
1873,500.0
1874,500.0
1875,500.0
1876,500.0
1877,500.0
1878,500.0
1879,500.0
1880,500.0
1881,500.0
1882,500.0
1883,500.0
1884,500.0
1885,500.0
1886,500.0
1887,500.0
1888,500.0
1889,500.0
1890,500.0
1891,500.0
1892,500.0
1893,500.0
1894,500.0
1895,500.0
1896,500.0
1897,500.0
1898,500.0
1899,500.0
1900,500.0
1901,500.0
1902,500.0
1903,500.0
1904,500.0
1905,500.0
1906,500.0
1907,500.0
1908,500.0
1909,500.0
1910,500.0
1911,500.0
1912,500.0
1913,500.0
1914,500.0
1915,500.0
1916,500.0
1917,500.0
1918,500.0
1919,500.0
1920,500.0
1921,500.0
1922,500.0
1923,500.0
1924,500.0
1925,500.0
1926,500.0
1927,500.0
1928,500.0
1929,500.0
1930,500.0
1931,500.0
1932,500.0
1933,500.0
1934,500.0
1935,500.0
1936,500.0
1937,500.0
1938,500.0
1939,500.0
1940,500.0
1941,500.0
1942,500.0
1943,500.0
1944,500.0
1945,500.0
1946,500.0
1947,500.0
1948,500.0
1949,500.0
1950,500.0
1951,500.0
1952,500.0
1953,500.0
1954,500.0
1955,500.0
1956,500.0
1957,500.0
1958,500.0
1959,500.0
1960,500.0
1961,500.0
1962,500.0
1963,500.0
1964,500.0
1965,500.0
1966,500.0
1967,500.0
1968,500.0
1969,500.0
1970,500.0
1971,500.0
1972,500.0
1973,500.0
1974,500.0
1975,500.0
1976,500.0
1977,500.0
1978,500.0
1979,500.0
1980,500.0
1981,500.0
1982,500.0
1983,500.0
1984,500.0
1985,500.0
1986,500.0
1987,500.0
1988,500.0
1989,500.0
1990,500.0
1991,500.0
1992,500.0
1993,500.0
1994,500.0
1995,500.0
1996,500.0
1997,500.0
1998,500.0
1999,500.0
2000,500.0
2001,500.0
2002,500.0
2003,500.0
2004,500.0
2005,500.0
2006,500.0
2007,500.0
2008,500.0
2009,500.0
2010,500.0
2011,500.0
2012,500.0
2013,500.0
2014,500.0
2015,500.0
2016,500.0
2017,500.0
2018,500.0
2019,500.0
2020,500.0
2021,500.0
2022,500.0
2023,500.0
2024,500.0
2025,500.0
2026,500.0
2027,500.0
2028,500.0
2029,500.0
2030,500.0
2031,500.0
2032,500.0
2033,500.0
2034,500.0
2035,500.0
2036,500.0
2037,500.0
2038,500.0
2039,500.0
2040,500.0
2041,500.0
2042,500.0
2043,500.0
2044,500.0
2045,500.0
2046,500.0
2047,500.0
2048,500.0
2049,500.0
2050,500.0
2051,500.0
2052,500.0
2053,500.0
2054,500.0
2055,500.0
2056,500.0
2057,500.0
2058,500.0
2059,500.0
2060,500.0
2061,500.0
2062,500.0
2063,500.0
2064,500.0
2065,500.0
2066,500.0
2067,500.0
2068,500.0
2069,500.0
2070,500.0
2071,500.0
2072,500.0
2073,500.0
2074,500.0
2075,500.0
2076,500.0
2077,500.0
2078,500.0
2079,500.0
2080,500.0
2081,500.0
2082,500.0
2083,500.0
2084,500.0
2085,500.0
2086,500.0
2087,500.0
2088,500.0
2089,500.0
2090,500.0
2091,500.0
2092,500.0
2093,500.0
2094,500.0
2095,500.0
2096,500.0
2097,500.0
2098,500.0
2099,500.0
2100,500.0
2101,500.0
2102,500.0
2103,500.0
2104,500.0
2105,500.0
2106,500.0
2107,500.0
2108,500.0
2109,500.0
2110,500.0
2111,500.0
2112,500.0
2113,500.0
2114,500.0
2115,500.0
2116,500.0
2117,500.0
2118,500.0
2119,500.0
2120,500.0
2121,500.0
2122,500.0
2123,500.0
2124,500.0
2125,500.0
2126,500.0
2127,500.0
2128,500.0
2129,500.0
2130,500.0
2131,500.0
2132,500.0
2133,500.0
2134,500.0
2135,500.0
2136,500.0
2137,500.0
2138,500.0
2139,500.0
2140,500.0
2141,500.0
2142,500.0
2143,500.0
2144,500.0
2145,500.0
2146,500.0
2147,500.0
2148,500.0
2149,500.0
2150,500.0
2151,500.0
2152,500.0
2153,500.0
2154,500.0
2155,500.0
2156,500.0
2157,500.0
2158,500.0
2159,500.0
2160,500.0
2161,500.0
2162,500.0
2163,500.0
2164,500.0
2165,500.0
2166,500.0
2167,500.0
2168,500.0
2169,500.0
2170,500.0
2171,500.0
2172,500.0
2173,500.0
2174,500.0
2175,500.0
2176,500.0
2177,500.0
2178,500.0
2179,500.0
2180,500.0
2181,500.0
2182,500.0
2183,500.0
2184,500.0
2185,500.0
2186,500.0
2187,500.0
2188,500.0
2189,500.0
2190,500.0
2191,500.0
2192,500.0
2193,500.0
2194,500.0
2195,500.0
2196,500.0
2197,500.0
2198,500.0
2199,500.0
2200,500.0
2201,500.0
2202,500.0
2203,500.0
2204,500.0
2205,500.0
2206,500.0
2207,500.0
2208,500.0
2209,500.0
2210,500.0
2211,500.0
2212,500.0
2213,500.0
2214,500.0
2215,500.0
2216,500.0
2217,500.0
2218,500.0
2219,500.0
2220,500.0
2221,500.0
2222,500.0
2223,500.0
2224,500.0
2225,500.0
2226,500.0
2227,500.0
2228,500.0
2229,500.0
2230,500.0
2231,500.0
2232,500.0
2233,500.0
2234,500.0
2235,500.0
2236,500.0
2237,500.0
2238,500.0
2239,500.0
2240,500.0
2241,500.0
2242,500.0
2243,500.0
2244,500.0
2245,500.0
2246,500.0
2247,500.0
2248,500.0
2249,500.0
2250,500.0
2251,500.0
2252,500.0
2253,500.0
2254,500.0
2255,500.0
2256,500.0
2257,500.0
2258,500.0
2259,500.0
2260,500.0
2261,500.0
2262,500.0
2263,500.0
2264,500.0
2265,500.0
2266,500.0
2267,500.0
2268,500.0
2269,500.0
2270,500.0
2271,500.0
2272,500.0
2273,500.0
2274,500.0
2275,500.0
2276,500.0
2277,500.0
2278,500.0
2279,500.0
2280,500.0
2281,500.0
2282,500.0
2283,500.0
2284,500.0
2285,500.0
2286,500.0
2287,500.0
2288,500.0
2289,500.0
2290,500.0
2291,500.0
2292,500.0
2293,500.0
2294,500.0
2295,500.0
2296,500.0
2297,500.0
2298,500.0
2299,500.0
2300,500.0
2301,500.0
2302,500.0
2303,500.0
2304,500.0
2305,500.0
2306,500.0
2307,500.0
2308,500.0
2309,500.0
2310,500.0
2311,500.0
2312,500.0
2313,500.0
2314,500.0
2315,500.0
2316,500.0
2317,500.0
2318,500.0
2319,500.0
2320,500.0
2321,500.0
2322,500.0
2323,500.0
2324,500.0
2325,500.0
2326,500.0
2327,500.0
2328,500.0
2329,500.0
2330,500.0
2331,500.0
2332,500.0
2333,500.0
2334,500.0
2335,500.0
2336,500.0
2337,500.0
2338,500.0
2339,500.0
2340,500.0
2341,500.0
2342,500.0
2343,500.0
2344,500.0
2345,500.0
2346,500.0
2347,500.0
2348,500.0
2349,500.0
2350,500.0
2351,500.0
2352,500.0
2353,500.0
2354,500.0
2355,500.0
2356,500.0
2357,500.0
2358,500.0
2359,500.0
2360,500.0
2361,500.0
2362,500.0
2363,500.0
2364,500.0
2365,500.0
2366,500.0
2367,500.0
2368,500.0
2369,500.0
2370,500.0
2371,500.0
2372,500.0
2373,500.0
2374,500.0
2375,500.0
2376,500.0
2377,500.0
2378,500.0
2379,500.0
2380,500.0
2381,500.0
2382,500.0
2383,500.0
2384,500.0
2385,500.0
2386,500.0
2387,500.0
2388,500.0
2389,500.0
2390,500.0
2391,500.0
2392,500.0
2393,500.0
2394,500.0
2395,500.0
2396,500.0
2397,500.0
2398,500.0
2399,500.0
2400,500.0
2401,500.0
2402,500.0
2403,500.0
2404,500.0
2405,500.0
2406,500.0
2407,500.0
2408,500.0
2409,500.0
2410,500.0
2411,500.0
2412,500.0
2413,500.0
2414,500.0
2415,500.0
2416,500.0
2417,500.0
2418,500.0
2419,500.0
2420,500.0
2421,500.0
2422,500.0
2423,500.0
2424,500.0
2425,500.0
2426,500.0
2427,500.0
2428,500.0
2429,500.0
2430,500.0
2431,500.0
2432,500.0
2433,500.0
2434,500.0
2435,500.0
2436,500.0
2437,500.0
2438,500.0
2439,500.0
2440,500.0
2441,500.0
2442,500.0
2443,500.0
2444,500.0
2445,500.0
2446,500.0
2447,500.0
2448,500.0
2449,500.0
2450,500.0
2451,500.0
2452,500.0
2453,500.0
2454,500.0
2455,500.0
2456,500.0
2457,500.0
2458,500.0
2459,500.0
2460,500.0
2461,500.0
2462,500.0
2463,500.0
2464,500.0
2465,500.0
2466,500.0
2467,500.0
2468,500.0
2469,500.0
2470,500.0
2471,500.0
2472,500.0
2473,500.0
2474,500.0
2475,500.0
2476,500.0
2477,500.0
2478,500.0
2479,500.0
2480,500.0
2481,500.0
2482,500.0
2483,500.0
2484,500.0
2485,500.0
2486,500.0
2487,500.0
2488,500.0
2489,500.0
2490,500.0
2491,500.0
2492,500.0
2493,500.0
2494,500.0
2495,500.0
2496,500.0
2497,500.0
2498,500.0
2499,500.0
2500,500.0
2501,500.0
2502,500.0
2503,500.0
2504,500.0
2505,500.0
2506,500.0
2507,500.0
2508,500.0
2509,500.0
2510,500.0
2511,500.0
2512,500.0
2513,500.0
2514,500.0
2515,500.0
2516,500.0
2517,500.0
2518,500.0
2519,500.0
2520,500.0
2521,500.0
2522,500.0
2523,500.0
2524,500.0
2525,500.0
2526,500.0
2527,500.0
2528,500.0
2529,500.0
2530,500.0
2531,500.0
2532,500.0
2533,500.0
2534,500.0
2535,500.0
2536,500.0
2537,500.0
2538,500.0
2539,500.0
2540,500.0
2541,500.0
2542,500.0
2543,500.0
2544,500.0
2545,500.0
2546,500.0
2547,500.0
2548,500.0
2549,500.0
2550,500.0
2551,500.0
2552,500.0
2553,500.0
2554,500.0
2555,500.0
2556,500.0
2557,500.0
2558,500.0
2559,500.0
2560,500.0
2561,500.0
2562,500.0
2563,500.0
2564,500.0
2565,500.0
2566,500.0
2567,500.0
2568,500.0
2569,500.0
2570,500.0
2571,500.0
2572,500.0
2573,500.0
2574,500.0
2575,500.0
2576,500.0
2577,500.0
2578,500.0
2579,500.0
2580,500.0
2581,500.0
2582,500.0
2583,500.0
2584,500.0
2585,500.0
2586,500.0
2587,500.0
2588,500.0
2589,500.0
2590,500.0
2591,500.0
2592,500.0
2593,500.0
2594,500.0
2595,500.0
2596,500.0
2597,500.0
2598,500.0
2599,500.0
2600,500.0
2601,500.0
2602,500.0
2603,500.0
2604,500.0
2605,500.0
2606,500.0
2607,500.0
2608,500.0
2609,500.0
2610,500.0
2611,500.0
2612,500.0
2613,500.0
2614,500.0
2615,500.0
2616,500.0
2617,500.0
2618,500.0
2619,500.0
2620,500.0
2621,500.0
2622,500.0
2623,500.0
2624,500.0
2625,500.0
2626,500.0
2627,500.0
2628,500.0
2629,500.0
2630,500.0
2631,500.0
2632,500.0
2633,500.0
2634,500.0
2635,500.0
2636,500.0
2637,500.0
2638,500.0
2639,500.0
2640,500.0
2641,500.0
2642,500.0
2643,500.0
2644,500.0
2645,500.0
2646,500.0
2647,500.0
2648,500.0
2649,500.0
2650,500.0
2651,500.0
2652,500.0
2653,500.0
2654,500.0
2655,500.0
2656,500.0
2657,500.0
2658,500.0
2659,500.0
2660,500.0
2661,500.0
2662,500.0
2663,500.0
2664,500.0
2665,500.0
2666,500.0
2667,500.0
2668,500.0
2669,500.0
2670,500.0
2671,500.0
2672,500.0
2673,500.0
2674,500.0
2675,500.0
2676,500.0
2677,500.0
2678,500.0
2679,500.0
2680,500.0
2681,500.0
2682,500.0
2683,500.0
2684,500.0
2685,500.0
2686,500.0
2687,500.0
2688,500.0
2689,500.0
2690,500.0
2691,500.0
2692,500.0
2693,500.0
2694,500.0
2695,500.0
2696,500.0
2697,500.0
2698,500.0
2699,500.0
2700,500.0
2701,500.0
2702,500.0
2703,500.0
2704,500.0
2705,500.0
2706,500.0
2707,500.0
2708,500.0
2709,500.0
2710,500.0
2711,500.0
2712,500.0
2713,500.0
2714,500.0
2715,500.0
2716,500.0
2717,500.0
2718,500.0
2719,500.0
2720,500.0
2721,500.0
2722,500.0
2723,500.0
2724,500.0
2725,500.0
2726,500.0
2727,500.0
2728,500.0
2729,500.0
2730,500.0
2731,500.0
2732,500.0
2733,500.0
2734,500.0
2735,500.0
2736,500.0
2737,500.0
2738,500.0
2739,500.0
2740,500.0
2741,500.0
2742,500.0
2743,500.0
2744,500.0
2745,500.0
2746,500.0
2747,500.0
2748,500.0
2749,500.0
2750,500.0
2751,500.0
2752,500.0
2753,500.0
2754,500.0
2755,500.0
2756,500.0
2757,500.0
2758,500.0
2759,500.0
2760,500.0
2761,500.0
2762,500.0
2763,500.0
2764,500.0
2765,500.0
2766,500.0
2767,500.0
2768,500.0
2769,500.0
2770,500.0
2771,500.0
2772,500.0
2773,500.0
2774,500.0
2775,500.0
2776,500.0
2777,500.0
2778,500.0
2779,500.0
2780,500.0
2781,500.0
2782,500.0
2783,500.0
2784,500.0
2785,500.0
2786,500.0
2787,500.0
2788,500.0
2789,500.0
2790,500.0
2791,500.0
2792,500.0
2793,500.0
2794,500.0
2795,500.0
2796,500.0
2797,500.0
2798,500.0
2799,500.0
2800,500.0
2801,500.0
2802,500.0
2803,500.0
2804,500.0
2805,500.0
2806,500.0
2807,500.0
2808,500.0
2809,500.0
2810,500.0
2811,500.0
2812,500.0
2813,500.0
2814,500.0
2815,500.0
2816,500.0
2817,500.0
2818,500.0
2819,500.0
2820,500.0
2821,500.0
2822,500.0
2823,500.0
2824,500.0
2825,500.0
2826,500.0
2827,500.0
2828,500.0
2829,500.0
2830,500.0
2831,500.0
2832,500.0
2833,500.0
2834,500.0
2835,500.0
2836,500.0
2837,500.0
2838,500.0
2839,500.0
2840,500.0
2841,500.0
2842,500.0
2843,500.0
2844,500.0
2845,500.0
2846,500.0
2847,500.0
2848,500.0
2849,500.0
2850,500.0
2851,500.0
2852,500.0
2853,500.0
2854,500.0
2855,500.0
2856,500.0
2857,500.0
2858,500.0
2859,500.0
2860,500.0
2861,500.0
2862,500.0
2863,500.0
2864,500.0
2865,500.0
2866,500.0
2867,500.0
2868,500.0
2869,500.0
2870,500.0
2871,500.0
2872,500.0
2873,500.0
2874,500.0
2875,500.0
2876,500.0
2877,500.0
2878,500.0
2879,500.0
2880,500.0
2881,500.0
2882,500.0
2883,500.0
2884,500.0
2885,500.0
2886,500.0
2887,500.0
2888,500.0
2889,500.0
2890,500.0
2891,500.0
2892,500.0
2893,500.0
2894,500.0
2895,500.0
2896,500.0
2897,500.0
2898,500.0
2899,500.0
2900,500.0
2901,500.0
2902,500.0
2903,500.0
2904,500.0
2905,500.0
2906,500.0
2907,500.0
2908,500.0
2909,500.0
2910,500.0
2911,500.0
2912,500.0
2913,500.0
2914,500.0
2915,500.0
2916,500.0
2917,500.0
2918,500.0
2919,500.0
2920,500.0
2921,500.0
2922,500.0
2923,500.0
2924,500.0
2925,500.0
2926,500.0
2927,500.0
2928,500.0
2929,500.0
2930,500.0
2931,500.0
2932,500.0
2933,500.0
2934,500.0
2935,500.0
2936,500.0
2937,500.0
2938,500.0
2939,500.0
2940,500.0
2941,500.0
2942,500.0
2943,500.0
2944,500.0
2945,500.0
2946,500.0
2947,500.0
2948,500.0
2949,500.0
2950,500.0
2951,500.0
2952,500.0
2953,500.0
2954,500.0
2955,500.0
2956,500.0
2957,500.0
2958,500.0
2959,500.0
2960,500.0
2961,500.0
2962,500.0
2963,500.0
2964,500.0
2965,500.0
2966,500.0
2967,500.0
2968,500.0
2969,500.0
2970,500.0
2971,500.0
2972,500.0
2973,500.0
2974,500.0
2975,500.0
2976,500.0
2977,500.0
2978,500.0
2979,500.0
2980,500.0
2981,500.0
2982,500.0
2983,500.0
2984,500.0
2985,500.0
2986,500.0
2987,500.0
2988,500.0
2989,500.0
2990,500.0
2991,500.0
2992,500.0
2993,500.0
2994,500.0
2995,500.0
2996,500.0
2997,500.0
2998,500.0
2999,500.0
3000,500.0
3001,500.0
3002,500.0
3003,500.0
3004,500.0
3005,500.0
3006,500.0
3007,500.0
3008,500.0
3009,500.0
3010,500.0
3011,500.0
3012,500.0
3013,500.0
3014,500.0
3015,500.0
3016,500.0
3017,500.0
3018,500.0
3019,500.0
3020,500.0
3021,500.0
3022,500.0
3023,500.0
3024,500.0
3025,500.0
3026,500.0
3027,500.0
3028,500.0
3029,500.0
3030,500.0
3031,500.0
3032,500.0
3033,500.0
3034,500.0
3035,500.0
3036,500.0
3037,500.0
3038,500.0
3039,500.0
3040,500.0
3041,500.0
3042,500.0
3043,500.0
3044,500.0
3045,500.0
3046,500.0
3047,500.0
3048,500.0
3049,500.0
3050,500.0
3051,500.0
3052,500.0
3053,500.0
3054,500.0
3055,500.0
3056,500.0
3057,500.0
3058,500.0
3059,500.0
3060,500.0
3061,500.0
3062,500.0
3063,500.0
3064,500.0
3065,500.0
3066,500.0
3067,500.0
3068,500.0
3069,500.0
3070,500.0
3071,500.0
3072,500.0
3073,500.0
3074,500.0
3075,500.0
3076,500.0
3077,500.0
3078,500.0
3079,500.0
3080,500.0
3081,500.0
3082,500.0
3083,500.0
3084,500.0
3085,500.0
3086,500.0
3087,500.0
3088,500.0
3089,500.0
3090,500.0
3091,500.0
3092,500.0
3093,500.0
3094,500.0
3095,500.0
3096,500.0
3097,500.0
3098,500.0
3099,500.0
3100,500.0
3101,500.0
3102,500.0
3103,500.0
3104,500.0
3105,500.0
3106,500.0
3107,500.0
3108,500.0
3109,500.0
3110,500.0
3111,500.0
3112,500.0
3113,500.0
3114,500.0
3115,500.0
3116,500.0
3117,500.0
3118,500.0
3119,500.0
3120,500.0
3121,500.0
3122,500.0
3123,500.0
3124,500.0
3125,500.0
3126,500.0
3127,500.0
3128,500.0
3129,500.0
3130,500.0
3131,500.0
3132,500.0
3133,500.0
3134,500.0
3135,500.0
3136,500.0
3137,500.0
3138,500.0
3139,500.0
3140,500.0
3141,500.0
3142,500.0
3143,500.0
3144,500.0
3145,500.0
3146,500.0
3147,500.0
3148,500.0
3149,500.0
3150,500.0
3151,500.0
3152,500.0
3153,500.0
3154,500.0
3155,500.0
3156,500.0
3157,500.0
3158,500.0
3159,500.0
3160,500.0
3161,500.0
3162,500.0
3163,500.0
3164,500.0
3165,500.0
3166,500.0
3167,500.0
3168,500.0
3169,500.0
3170,500.0
3171,500.0
3172,500.0
3173,500.0
3174,500.0
3175,500.0
3176,500.0
3177,500.0
3178,500.0
3179,500.0
3180,500.0
3181,500.0
3182,500.0
3183,500.0
3184,500.0
3185,500.0
3186,500.0
3187,500.0
3188,500.0
3189,500.0
3190,500.0
3191,500.0
3192,500.0
3193,500.0
3194,500.0
3195,500.0
3196,500.0
3197,500.0
3198,500.0
3199,500.0
3200,500.0
3201,500.0
3202,500.0
3203,500.0
3204,500.0
3205,500.0
3206,500.0
3207,500.0
3208,500.0
3209,500.0
3210,500.0
3211,500.0
3212,500.0
3213,500.0
3214,500.0
3215,500.0
3216,500.0
3217,500.0
3218,500.0
3219,500.0
3220,500.0
3221,500.0
3222,500.0
3223,500.0
3224,500.0
3225,500.0
3226,500.0
3227,500.0
3228,500.0
3229,500.0
3230,500.0
3231,500.0
3232,500.0
3233,500.0
3234,500.0
3235,500.0
3236,500.0
3237,500.0
3238,500.0
3239,500.0
3240,500.0
3241,500.0
3242,500.0
3243,500.0
3244,500.0
3245,500.0
3246,500.0
3247,500.0
3248,500.0
3249,500.0
3250,500.0
3251,500.0
3252,500.0
3253,500.0
3254,500.0
3255,500.0
3256,500.0
3257,500.0
3258,500.0
3259,500.0
3260,500.0
3261,500.0
3262,500.0
3263,500.0
3264,500.0
3265,500.0
3266,500.0
3267,500.0
3268,500.0
3269,500.0
3270,500.0
3271,500.0
3272,500.0
3273,500.0
3274,500.0
3275,500.0
3276,500.0
3277,500.0
3278,500.0
3279,500.0
3280,500.0
3281,500.0
3282,500.0
3283,500.0
3284,500.0
3285,500.0
3286,500.0
3287,500.0
3288,500.0
3289,500.0
3290,500.0
3291,500.0
3292,500.0
3293,500.0
3294,500.0
3295,500.0
3296,500.0
3297,500.0
3298,500.0
3299,500.0
3300,500.0
3301,500.0
3302,500.0
3303,500.0
3304,500.0
3305,500.0
3306,500.0
3307,500.0
3308,500.0
3309,500.0
3310,500.0
3311,500.0
3312,500.0
3313,500.0
3314,500.0
3315,500.0
3316,500.0
3317,500.0
3318,500.0
3319,500.0
3320,500.0
3321,500.0
3322,500.0
3323,500.0
3324,500.0
3325,500.0
3326,500.0
3327,500.0
3328,500.0
3329,500.0
3330,500.0
3331,500.0
3332,500.0
3333,500.0
3334,500.0
3335,500.0
3336,500.0
3337,500.0
3338,500.0
3339,500.0
3340,500.0
3341,500.0
3342,500.0
3343,500.0
3344,500.0
3345,500.0
3346,500.0
3347,500.0
3348,500.0
3349,500.0
3350,500.0
3351,500.0
3352,500.0
3353,500.0
3354,500.0
3355,500.0
3356,500.0
3357,500.0
3358,500.0
3359,500.0
3360,500.0
3361,500.0
3362,500.0
3363,500.0
3364,500.0
3365,500.0
3366,500.0
3367,500.0
3368,500.0
3369,500.0
3370,500.0
3371,500.0
3372,500.0
3373,500.0
3374,500.0
3375,500.0
3376,500.0
3377,500.0
3378,500.0
3379,500.0
3380,500.0
3381,500.0
3382,500.0
3383,500.0
3384,500.0
3385,500.0
3386,500.0
3387,500.0
3388,500.0
3389,500.0
3390,500.0
3391,500.0
3392,500.0
3393,500.0
3394,500.0
3395,500.0
3396,500.0
3397,500.0
3398,500.0
3399,500.0
3400,500.0
3401,500.0
3402,500.0
3403,500.0
3404,500.0
3405,500.0
3406,500.0
3407,500.0
3408,500.0
3409,500.0
3410,500.0
3411,500.0
3412,500.0
3413,500.0
3414,500.0
3415,500.0
3416,500.0
3417,500.0
3418,500.0
3419,500.0
3420,500.0
3421,500.0
3422,500.0
3423,500.0
3424,500.0
3425,500.0
3426,500.0
3427,500.0
3428,500.0
3429,500.0
3430,500.0
3431,500.0
3432,500.0
3433,500.0
3434,500.0
3435,500.0
3436,500.0
3437,500.0
3438,500.0
3439,500.0
3440,500.0
3441,500.0
3442,500.0
3443,500.0
3444,500.0
3445,500.0
3446,500.0
3447,500.0
3448,500.0
3449,500.0
3450,500.0
3451,500.0
3452,500.0
3453,500.0
3454,500.0
3455,500.0
3456,500.0
3457,500.0
3458,500.0
3459,500.0
3460,500.0
3461,500.0
3462,500.0
3463,500.0
3464,500.0
3465,500.0
3466,500.0
3467,500.0
3468,500.0
3469,500.0
3470,500.0
3471,500.0
3472,500.0
3473,500.0
3474,500.0
3475,500.0
3476,500.0
3477,500.0
3478,500.0
3479,500.0
3480,500.0
3481,500.0
3482,500.0
3483,500.0
3484,500.0
3485,500.0
3486,500.0
3487,500.0
3488,500.0
3489,500.0
3490,500.0
3491,500.0
3492,500.0
3493,500.0
3494,500.0
3495,500.0
3496,500.0
3497,500.0
3498,500.0
3499,500.0
3500,500.0
3501,500.0
3502,500.0
3503,500.0
3504,500.0
3505,500.0
3506,500.0
3507,500.0
3508,500.0
3509,500.0
3510,500.0
3511,500.0
3512,500.0
3513,500.0
3514,500.0
3515,500.0
3516,500.0
3517,500.0
3518,500.0
3519,500.0
3520,500.0
3521,500.0
3522,500.0
3523,500.0
3524,500.0
3525,500.0
3526,500.0
3527,500.0
3528,500.0
3529,500.0
3530,500.0
3531,500.0
3532,500.0
3533,500.0
3534,500.0
3535,500.0
3536,500.0
3537,500.0
3538,500.0
3539,500.0
3540,500.0
3541,500.0
3542,500.0
3543,500.0
3544,500.0
3545,500.0
3546,500.0
3547,500.0
3548,500.0
3549,500.0
3550,500.0
3551,500.0
3552,500.0
3553,500.0
3554,500.0
3555,500.0
3556,500.0
3557,500.0
3558,500.0
3559,500.0
3560,500.0
3561,500.0
3562,500.0
3563,500.0
3564,500.0
3565,500.0
3566,500.0
3567,500.0
3568,500.0
3569,500.0
3570,500.0
3571,500.0
3572,500.0
3573,500.0
3574,500.0
3575,500.0
3576,500.0
3577,500.0
3578,500.0
3579,500.0
3580,500.0
3581,500.0
3582,500.0
3583,500.0
3584,500.0
3585,500.0
3586,500.0
3587,500.0
3588,500.0
3589,500.0
3590,500.0
3591,500.0
3592,500.0
3593,500.0
3594,500.0
3595,500.0
3596,500.0
3597,500.0
3598,500.0
3599,500.0
3600,500.0
3601,500.0
3602,500.0
3603,500.0
3604,500.0
3605,500.0
3606,500.0
3607,500.0
3608,500.0
3609,500.0
3610,500.0
3611,500.0
3612,500.0
3613,500.0
3614,500.0
3615,500.0
3616,500.0
3617,500.0
3618,500.0
3619,500.0
3620,500.0
3621,500.0
3622,500.0
3623,500.0
3624,500.0
3625,500.0
3626,500.0
3627,500.0
3628,500.0
3629,500.0
3630,500.0
3631,500.0
3632,500.0
3633,500.0
3634,500.0
3635,500.0
3636,500.0
3637,500.0
3638,500.0
3639,500.0
3640,500.0
3641,500.0
3642,500.0
3643,500.0
3644,500.0
3645,500.0
3646,500.0
3647,500.0
3648,500.0
3649,500.0
3650,500.0
3651,500.0
3652,500.0
3653,500.0
3654,500.0
3655,500.0
3656,500.0
3657,500.0
3658,500.0
3659,500.0
3660,500.0
3661,500.0
3662,500.0
3663,500.0
3664,500.0
3665,500.0
3666,500.0
3667,500.0
3668,500.0
3669,500.0
3670,500.0
3671,500.0
3672,500.0
3673,500.0
3674,500.0
3675,500.0
3676,500.0
3677,500.0
3678,500.0
3679,500.0
3680,500.0
3681,500.0
3682,500.0
3683,500.0
3684,500.0
3685,500.0
3686,500.0
3687,500.0
3688,500.0
3689,500.0
3690,500.0
3691,500.0
3692,500.0
3693,500.0
3694,500.0
3695,500.0
3696,500.0
3697,500.0
3698,500.0
3699,500.0
3700,500.0
3701,500.0
3702,500.0
3703,500.0
3704,500.0
3705,500.0
3706,500.0
3707,500.0
3708,500.0
3709,500.0
3710,500.0
3711,500.0
3712,500.0
3713,500.0
3714,500.0
3715,500.0
3716,500.0
3717,500.0
3718,500.0
3719,500.0
3720,500.0
3721,500.0
3722,500.0
3723,500.0
3724,500.0
3725,500.0
3726,500.0
3727,500.0
3728,500.0
3729,500.0
3730,500.0
3731,500.0
3732,500.0
3733,500.0
3734,500.0
3735,500.0
3736,500.0
3737,500.0
3738,500.0
3739,500.0
3740,500.0
3741,500.0
3742,500.0
3743,500.0
3744,500.0
3745,500.0
3746,500.0
3747,500.0
3748,500.0
3749,500.0
3750,500.0
3751,500.0
3752,500.0
3753,500.0
3754,500.0
3755,500.0
3756,500.0
3757,500.0
3758,500.0
3759,500.0
3760,500.0
3761,500.0
3762,500.0
3763,500.0
3764,500.0
3765,500.0
3766,500.0
3767,500.0
3768,500.0
3769,500.0
3770,500.0
3771,500.0
3772,500.0
3773,500.0
3774,500.0
3775,500.0
3776,500.0
3777,500.0
3778,500.0
3779,500.0
3780,500.0
3781,500.0
3782,500.0
3783,500.0
3784,500.0
3785,500.0
3786,500.0
3787,500.0
3788,500.0
3789,500.0
3790,500.0
3791,500.0
3792,500.0
3793,500.0
3794,500.0
3795,500.0
3796,500.0
3797,500.0
3798,500.0
3799,500.0
3800,500.0
3801,500.0
3802,500.0
3803,500.0
3804,500.0
3805,500.0
3806,500.0
3807,500.0
3808,500.0
3809,500.0
3810,500.0
3811,500.0
3812,500.0
3813,500.0
3814,500.0
3815,500.0
3816,500.0
3817,500.0
3818,500.0
3819,500.0
3820,500.0
3821,500.0
3822,500.0
3823,500.0
3824,500.0
3825,500.0
3826,500.0
3827,500.0
3828,500.0
3829,500.0
3830,500.0
3831,500.0
3832,500.0
3833,500.0
3834,500.0
3835,500.0
3836,500.0
3837,500.0
3838,500.0
3839,500.0
3840,500.0
3841,500.0
3842,500.0
3843,500.0
3844,500.0
3845,500.0
3846,500.0
3847,500.0
3848,500.0
3849,500.0
3850,500.0
3851,500.0
3852,500.0
3853,500.0
3854,500.0
3855,500.0
3856,500.0
3857,500.0
3858,500.0
3859,500.0
3860,500.0
3861,500.0
3862,500.0
3863,500.0
3864,500.0
3865,500.0
3866,500.0
3867,500.0
3868,500.0
3869,500.0
3870,500.0
3871,500.0
3872,500.0
3873,500.0
3874,500.0
3875,500.0
3876,500.0
3877,500.0
3878,500.0
3879,500.0
3880,500.0
3881,500.0
3882,500.0
3883,500.0
3884,500.0
3885,500.0
3886,500.0
3887,500.0
3888,500.0
3889,500.0
3890,500.0
3891,500.0
3892,500.0
3893,500.0
3894,500.0
3895,500.0
3896,500.0
3897,500.0
3898,500.0
3899,500.0
3900,500.0
3901,500.0
3902,500.0
3903,500.0
3904,500.0
3905,500.0
3906,500.0
3907,500.0
3908,500.0
3909,500.0
3910,500.0
3911,500.0
3912,500.0
3913,500.0
3914,500.0
3915,500.0
3916,500.0
3917,500.0
3918,500.0
3919,500.0
3920,500.0
3921,500.0
3922,500.0
3923,500.0
3924,500.0
3925,500.0
3926,500.0
3927,500.0
3928,500.0
3929,500.0
3930,500.0
3931,500.0
3932,500.0
3933,500.0
3934,500.0
3935,500.0
3936,500.0
3937,500.0
3938,500.0
3939,500.0
3940,500.0
3941,500.0
3942,500.0
3943,500.0
3944,500.0
3945,500.0
3946,500.0
3947,500.0
3948,500.0
3949,500.0
3950,500.0
3951,500.0
3952,500.0
3953,500.0
3954,500.0
3955,500.0
3956,500.0
3957,500.0
3958,500.0
3959,500.0
3960,500.0
3961,500.0
3962,500.0
3963,500.0
3964,500.0
3965,500.0
3966,500.0
3967,500.0
3968,500.0
3969,500.0
3970,500.0
3971,500.0
3972,500.0
3973,500.0
3974,500.0
3975,500.0
3976,500.0
3977,500.0
3978,500.0
3979,500.0
3980,500.0
3981,500.0
3982,500.0
3983,500.0
3984,500.0
3985,500.0
3986,500.0
3987,500.0
3988,500.0
3989,500.0
3990,500.0
3991,500.0
3992,500.0
3993,500.0
3994,500.0
3995,500.0
3996,500.0
3997,500.0
3998,500.0
3999,500.0
4000,500.0
4001,500.0
4002,500.0
4003,500.0
4004,500.0
4005,500.0
4006,500.0
4007,500.0
4008,500.0
4009,500.0
4010,500.0
4011,500.0
4012,500.0
4013,500.0
4014,500.0
4015,500.0
4016,500.0
4017,500.0
4018,500.0
4019,500.0
4020,500.0
4021,500.0
4022,500.0
4023,500.0
4024,500.0
4025,500.0
4026,500.0
4027,500.0
4028,500.0
4029,500.0
4030,500.0
4031,500.0
4032,500.0
4033,500.0
4034,500.0
4035,500.0
4036,500.0
4037,500.0
4038,500.0
4039,500.0
4040,500.0
4041,500.0
4042,500.0
4043,500.0
4044,500.0
4045,500.0
4046,500.0
4047,500.0
4048,500.0
4049,500.0
4050,500.0
4051,500.0
4052,500.0
4053,500.0
4054,500.0
4055,500.0
4056,500.0
4057,500.0
4058,500.0
4059,500.0
4060,500.0
4061,500.0
4062,500.0
4063,500.0
4064,500.0
4065,500.0
4066,500.0
4067,500.0
4068,500.0
4069,500.0
4070,500.0
4071,500.0
4072,500.0
4073,500.0
4074,500.0
4075,500.0
4076,500.0
4077,500.0
4078,500.0
4079,500.0
4080,500.0
4081,500.0
4082,500.0
4083,500.0
4084,500.0
4085,500.0
4086,500.0
4087,500.0
4088,500.0
4089,500.0
4090,500.0
4091,500.0
4092,500.0
4093,500.0
4094,500.0
4095,500.0
4096,500.0
4097,500.0
4098,500.0
4099,500.0
4100,500.0
4101,500.0
4102,500.0
4103,500.0
4104,500.0
4105,500.0
4106,500.0
4107,500.0
4108,500.0
4109,500.0
4110,500.0
4111,500.0
4112,500.0
4113,500.0
4114,500.0
4115,500.0
4116,500.0
4117,500.0
4118,500.0
4119,500.0
4120,500.0
4121,500.0
4122,500.0
4123,500.0
4124,500.0
4125,500.0
4126,500.0
4127,500.0
4128,500.0
4129,500.0
4130,500.0
4131,500.0
4132,500.0
4133,500.0
4134,500.0
4135,500.0
4136,500.0
4137,500.0
4138,500.0
4139,500.0
4140,500.0
4141,500.0
4142,500.0
4143,500.0
4144,500.0
4145,500.0
4146,500.0
4147,500.0
4148,500.0
4149,500.0
4150,500.0
4151,500.0
4152,500.0
4153,500.0
4154,500.0
4155,500.0
4156,500.0
4157,500.0
4158,500.0
4159,500.0
4160,500.0
4161,500.0
4162,500.0
4163,500.0
4164,500.0
4165,500.0
4166,500.0
4167,500.0
4168,500.0
4169,500.0
4170,500.0
4171,500.0
4172,500.0
4173,500.0
4174,500.0
4175,500.0
4176,500.0
4177,500.0
4178,500.0
4179,500.0
4180,500.0
4181,500.0
4182,500.0
4183,500.0
4184,500.0
4185,500.0
4186,500.0
4187,500.0
4188,500.0
4189,500.0
4190,500.0
4191,500.0
4192,500.0
4193,500.0
4194,500.0
4195,500.0
4196,500.0
4197,500.0
4198,500.0
4199,500.0
4200,500.0
4201,500.0
4202,500.0
4203,500.0
4204,500.0
4205,500.0
4206,500.0
4207,500.0
4208,500.0
4209,500.0
4210,500.0
4211,500.0
4212,500.0
4213,500.0
4214,500.0
4215,500.0
4216,500.0
4217,500.0
4218,500.0
4219,500.0
4220,500.0
4221,500.0
4222,500.0
4223,500.0
4224,500.0
4225,500.0
4226,500.0
4227,500.0
4228,500.0
4229,500.0
4230,500.0
4231,500.0
4232,500.0
4233,500.0
4234,500.0
4235,500.0
4236,500.0
4237,500.0
4238,500.0
4239,500.0
4240,500.0
4241,500.0
4242,500.0
4243,500.0
4244,500.0
4245,500.0
4246,500.0
4247,500.0
4248,500.0
4249,500.0
4250,500.0
4251,500.0
4252,500.0
4253,500.0
4254,500.0
4255,500.0
4256,500.0
4257,500.0
4258,500.0
4259,500.0
4260,500.0
4261,500.0
4262,500.0
4263,500.0
4264,500.0
4265,500.0
4266,500.0
4267,500.0
4268,500.0
4269,500.0
4270,500.0
4271,500.0
4272,500.0
4273,500.0
4274,500.0
4275,500.0
4276,500.0
4277,500.0
4278,500.0
4279,500.0
4280,500.0
4281,500.0
4282,500.0
4283,500.0
4284,500.0
4285,500.0
4286,500.0
4287,500.0
4288,500.0
4289,500.0
4290,500.0
4291,500.0
4292,500.0
4293,500.0
4294,500.0
4295,500.0
4296,500.0
4297,500.0
4298,500.0
4299,500.0
4300,500.0
4301,500.0
4302,500.0
4303,500.0
4304,500.0
4305,500.0
4306,500.0
4307,500.0
4308,500.0
4309,500.0
4310,500.0
4311,500.0
4312,500.0
4313,500.0
4314,500.0
4315,500.0
4316,500.0
4317,500.0
4318,500.0
4319,500.0
4320,500.0
4321,500.0
4322,500.0
4323,500.0
4324,500.0
4325,500.0
4326,500.0
4327,500.0
4328,500.0
4329,500.0
4330,500.0
4331,500.0
4332,500.0
4333,500.0
4334,500.0
4335,500.0
4336,500.0
4337,500.0
4338,500.0
4339,500.0
4340,500.0
4341,500.0
4342,500.0
4343,500.0
4344,500.0
4345,500.0
4346,500.0
4347,500.0
4348,500.0
4349,500.0
4350,500.0
4351,500.0
4352,500.0
4353,500.0
4354,500.0
4355,500.0
4356,500.0
4357,500.0
4358,500.0
4359,500.0
4360,500.0
4361,500.0
4362,500.0
4363,500.0
4364,500.0
4365,500.0
4366,500.0
4367,500.0
4368,500.0
4369,500.0
4370,500.0
4371,500.0
4372,500.0
4373,500.0
4374,500.0
4375,500.0
4376,500.0
4377,500.0
4378,500.0
4379,500.0
4380,500.0
4381,500.0
4382,500.0
4383,500.0
4384,500.0
4385,500.0
4386,500.0
4387,500.0
4388,500.0
4389,500.0
4390,500.0
4391,500.0
4392,500.0
4393,500.0
4394,500.0
4395,500.0
4396,500.0
4397,500.0
4398,500.0
4399,500.0
4400,500.0
4401,500.0
4402,500.0
4403,500.0
4404,500.0
4405,500.0
4406,500.0
4407,500.0
4408,500.0
4409,500.0
4410,500.0
4411,500.0
4412,500.0
4413,500.0
4414,500.0
4415,500.0
4416,500.0
4417,500.0
4418,500.0
4419,500.0
4420,500.0
4421,500.0
4422,500.0
4423,500.0
4424,500.0
4425,500.0
4426,500.0
4427,500.0
4428,500.0
4429,500.0
4430,500.0
4431,500.0
4432,500.0
4433,500.0
4434,500.0
4435,500.0
4436,500.0
4437,500.0
4438,500.0
4439,500.0
4440,500.0
4441,500.0
4442,500.0
4443,500.0
4444,500.0
4445,500.0
4446,500.0
4447,500.0
4448,500.0
4449,500.0
4450,500.0
4451,500.0
4452,500.0
4453,500.0
4454,500.0
4455,500.0
4456,500.0
4457,500.0
4458,500.0
4459,500.0
4460,500.0
4461,500.0
4462,500.0
4463,500.0
4464,500.0
4465,500.0
4466,500.0
4467,500.0
4468,500.0
4469,500.0
4470,500.0
4471,500.0
4472,500.0
4473,500.0
4474,500.0
4475,500.0
4476,500.0
4477,500.0
4478,500.0
4479,500.0
4480,500.0
4481,500.0
4482,500.0
4483,500.0
4484,500.0
4485,500.0
4486,500.0
4487,500.0
4488,500.0
4489,500.0
4490,500.0
4491,500.0
4492,500.0
4493,500.0
4494,500.0
4495,500.0
4496,500.0
4497,500.0
4498,500.0
4499,500.0
4500,500.0
4501,500.0
4502,500.0
4503,500.0
4504,500.0
4505,500.0
4506,500.0
4507,500.0
4508,500.0
4509,500.0
4510,500.0
4511,500.0
4512,500.0
4513,500.0
4514,500.0
4515,500.0
4516,500.0
4517,500.0
4518,500.0
4519,500.0
4520,500.0
4521,500.0
4522,500.0
4523,500.0
4524,500.0
4525,500.0
4526,500.0
4527,500.0
4528,500.0
4529,500.0
4530,500.0
4531,500.0
4532,500.0
4533,500.0
4534,500.0
4535,500.0
4536,500.0
4537,500.0
4538,500.0
4539,500.0
4540,500.0
4541,500.0
4542,500.0
4543,500.0
4544,500.0
4545,500.0
4546,500.0
4547,500.0
4548,500.0
4549,500.0
4550,500.0
4551,500.0
4552,500.0
4553,500.0
4554,500.0
4555,500.0
4556,500.0
4557,500.0
4558,500.0
4559,500.0
4560,500.0
4561,500.0
4562,500.0
4563,500.0
4564,500.0
4565,500.0
4566,500.0
4567,500.0
4568,500.0
4569,500.0
4570,500.0
4571,500.0
4572,500.0
4573,500.0
4574,500.0
4575,500.0
4576,500.0
4577,500.0
4578,500.0
4579,500.0
4580,500.0
4581,500.0
4582,500.0
4583,500.0
4584,500.0
4585,500.0
4586,500.0
4587,500.0
4588,500.0
4589,500.0
4590,500.0
4591,500.0
4592,500.0
4593,500.0
4594,500.0
4595,500.0
4596,500.0
4597,500.0
4598,500.0
4599,500.0
4600,500.0
4601,500.0
4602,500.0
4603,500.0
4604,500.0
4605,500.0
4606,500.0
4607,500.0
4608,500.0
4609,500.0
4610,500.0
4611,500.0
4612,500.0
4613,500.0
4614,500.0
4615,500.0
4616,500.0
4617,500.0
4618,500.0
4619,500.0
4620,500.0
4621,500.0
4622,500.0
4623,500.0
4624,500.0
4625,500.0
4626,500.0
4627,500.0
4628,500.0
4629,500.0
4630,500.0
4631,500.0
4632,500.0
4633,500.0
4634,500.0
4635,500.0
4636,500.0
4637,500.0
4638,500.0
4639,500.0
4640,500.0
4641,500.0
4642,500.0
4643,500.0
4644,500.0
4645,500.0
4646,500.0
4647,500.0
4648,500.0
4649,500.0
4650,500.0
4651,500.0
4652,500.0
4653,500.0
4654,500.0
4655,500.0
4656,500.0
4657,500.0
4658,500.0
4659,500.0
4660,500.0
4661,500.0
4662,500.0
4663,500.0
4664,500.0
4665,500.0
4666,500.0
4667,500.0
4668,500.0
4669,500.0
4670,500.0
4671,500.0
4672,500.0
4673,500.0
4674,500.0
4675,500.0
4676,500.0
4677,500.0
4678,500.0
4679,500.0
4680,500.0
4681,500.0
4682,500.0
4683,500.0
4684,500.0
4685,500.0
4686,500.0
4687,500.0
4688,500.0
4689,500.0
4690,500.0
4691,500.0
4692,500.0
4693,500.0
4694,500.0
4695,500.0
4696,500.0
4697,500.0
4698,500.0
4699,500.0
4700,500.0
4701,500.0
4702,500.0
4703,500.0
4704,500.0
4705,500.0
4706,500.0
4707,500.0
4708,500.0
4709,500.0
4710,500.0
4711,500.0
4712,500.0
4713,500.0
4714,500.0
4715,500.0
4716,500.0
4717,500.0
4718,500.0
4719,500.0
4720,500.0
4721,500.0
4722,500.0
4723,500.0
4724,500.0
4725,500.0
4726,500.0
4727,500.0
4728,500.0
4729,500.0
4730,500.0
4731,500.0
4732,500.0
4733,500.0
4734,500.0
4735,500.0
4736,500.0
4737,500.0
4738,500.0
4739,500.0
4740,500.0
4741,500.0
4742,500.0
4743,500.0
4744,500.0
4745,500.0
4746,500.0
4747,500.0
4748,500.0
4749,500.0
4750,500.0
4751,500.0
4752,500.0
4753,500.0
4754,500.0
4755,500.0
4756,500.0
4757,500.0
4758,500.0
4759,500.0
4760,500.0
4761,500.0
4762,500.0
4763,500.0
4764,500.0
4765,500.0
4766,500.0
4767,500.0
4768,500.0
4769,500.0
4770,500.0
4771,500.0
4772,500.0
4773,500.0
4774,500.0
4775,500.0
4776,500.0
4777,500.0
4778,500.0
4779,500.0
4780,500.0
4781,500.0
4782,500.0
4783,500.0
4784,500.0
4785,500.0
4786,500.0
4787,500.0
4788,500.0
4789,500.0
4790,500.0
4791,500.0
4792,500.0
4793,500.0
4794,500.0
4795,500.0
4796,500.0
4797,500.0
4798,500.0
4799,500.0
4800,500.0
4801,500.0
4802,500.0
4803,500.0
4804,500.0
4805,500.0
4806,500.0
4807,500.0
4808,500.0
4809,500.0
4810,500.0
4811,500.0
4812,500.0
4813,500.0
4814,500.0
4815,500.0
4816,500.0
4817,500.0
4818,500.0
4819,500.0
4820,500.0
4821,500.0
4822,500.0
4823,500.0
4824,500.0
4825,500.0
4826,500.0
4827,500.0
4828,500.0
4829,500.0
4830,500.0
4831,500.0
4832,500.0
4833,500.0
4834,500.0
4835,500.0
4836,500.0
4837,500.0
4838,500.0
4839,500.0
4840,500.0
4841,500.0
4842,500.0
4843,500.0
4844,500.0
4845,500.0
4846,500.0
4847,500.0
4848,500.0
4849,500.0
4850,500.0
4851,500.0
4852,500.0
4853,500.0
4854,500.0
4855,500.0
4856,500.0
4857,500.0
4858,500.0
4859,500.0
4860,500.0
4861,500.0
4862,500.0
4863,500.0
4864,500.0
4865,500.0
4866,500.0
4867,500.0
4868,500.0
4869,500.0
4870,500.0
4871,500.0
4872,500.0
4873,500.0
4874,500.0
4875,500.0
4876,500.0
4877,500.0
4878,500.0
4879,500.0
4880,500.0
4881,500.0
4882,500.0
4883,500.0
4884,500.0
4885,500.0
4886,500.0
4887,500.0
4888,500.0
4889,500.0
4890,500.0
4891,500.0
4892,500.0
4893,500.0
4894,500.0
4895,500.0
4896,500.0
4897,500.0
4898,500.0
4899,500.0
4900,500.0
4901,500.0
4902,500.0
4903,500.0
4904,500.0
4905,500.0
4906,500.0
4907,500.0
4908,500.0
4909,500.0
4910,500.0
4911,500.0
4912,500.0
4913,500.0
4914,500.0
4915,500.0
4916,500.0
4917,500.0
4918,500.0
4919,500.0
4920,500.0
4921,500.0
4922,500.0
4923,500.0
4924,500.0
4925,500.0
4926,500.0
4927,500.0
4928,500.0
4929,500.0
4930,500.0
4931,500.0
4932,500.0
4933,500.0
4934,500.0
4935,500.0
4936,500.0
4937,500.0
4938,500.0
4939,500.0
4940,500.0
4941,500.0
4942,500.0
4943,500.0
4944,500.0
4945,500.0
4946,500.0
4947,500.0
4948,500.0
4949,500.0
4950,500.0
4951,500.0
4952,500.0
4953,500.0
4954,500.0
4955,500.0
4956,500.0
4957,500.0
4958,500.0
4959,500.0
4960,500.0
4961,500.0
4962,500.0
4963,500.0
4964,500.0
4965,500.0
4966,500.0
4967,500.0
4968,500.0
4969,500.0
4970,500.0
4971,500.0
4972,500.0
4973,500.0
4974,500.0
4975,500.0
4976,500.0
4977,500.0
4978,500.0
4979,500.0
4980,500.0
4981,500.0
4982,500.0
4983,500.0
4984,500.0
4985,500.0
4986,500.0
4987,500.0
4988,500.0
4989,500.0
4990,500.0
4991,500.0
4992,500.0
4993,500.0
4994,500.0
4995,500.0
4996,500.0
4997,500.0
4998,500.0
4999,500.0
5000,500.0
5001,500.0
5002,500.0
5003,500.0
5004,500.0
5005,500.0
5006,500.0
5007,500.0
5008,500.0
5009,500.0
5010,500.0
5011,500.0
5012,500.0
5013,500.0
5014,500.0
5015,500.0
5016,500.0
5017,500.0
5018,500.0
5019,500.0
5020,500.0
5021,500.0
5022,500.0
5023,500.0
5024,500.0
5025,500.0
5026,500.0
5027,500.0
5028,500.0
5029,500.0
5030,500.0
5031,500.0
5032,500.0
5033,500.0
5034,500.0
5035,500.0
5036,500.0
5037,500.0
5038,500.0
5039,500.0
5040,500.0
5041,500.0
5042,500.0
5043,500.0
5044,500.0
5045,500.0
5046,500.0
5047,500.0
5048,500.0
5049,500.0
5050,500.0
5051,500.0
5052,500.0
5053,500.0
5054,500.0
5055,500.0
5056,500.0
5057,500.0
5058,500.0
5059,500.0
5060,500.0
5061,500.0
5062,500.0
5063,500.0
5064,500.0
5065,500.0
5066,500.0
5067,500.0
5068,500.0
5069,500.0
5070,500.0
5071,500.0
5072,500.0
5073,500.0
5074,500.0
5075,500.0
5076,500.0
5077,500.0
5078,500.0
5079,500.0
5080,500.0
5081,500.0
5082,500.0
5083,500.0
5084,500.0
5085,500.0
5086,500.0
5087,500.0
5088,500.0
5089,500.0
5090,500.0
5091,500.0
5092,500.0
5093,500.0
5094,500.0
5095,500.0
5096,500.0
5097,500.0
5098,500.0
5099,500.0
5100,500.0
5101,500.0
5102,500.0
5103,500.0
5104,500.0
5105,500.0
5106,500.0
5107,500.0
5108,500.0
5109,500.0
5110,500.0
5111,500.0
5112,500.0
5113,500.0
5114,500.0
5115,500.0
5116,500.0
5117,500.0
5118,500.0
5119,500.0
5120,500.0
5121,500.0
5122,500.0
5123,500.0
5124,500.0
5125,500.0
5126,500.0
5127,500.0
5128,500.0
5129,500.0
5130,500.0
5131,500.0
5132,500.0
5133,500.0
5134,500.0
5135,500.0
5136,500.0
5137,500.0
5138,500.0
5139,500.0
5140,500.0
5141,500.0
5142,500.0
5143,500.0
5144,500.0
5145,500.0
5146,500.0
5147,500.0
5148,500.0
5149,500.0
5150,500.0
5151,500.0
5152,500.0
5153,500.0
5154,500.0
5155,500.0
5156,500.0
5157,500.0
5158,500.0
5159,500.0
5160,500.0
5161,500.0
5162,500.0
5163,500.0
5164,500.0
5165,500.0
5166,500.0
5167,500.0
5168,500.0
5169,500.0
5170,500.0
5171,500.0
5172,500.0
5173,500.0
5174,500.0
5175,500.0
5176,500.0
5177,500.0
5178,500.0
5179,500.0
5180,500.0
5181,500.0
5182,500.0
5183,500.0
5184,500.0
5185,500.0
5186,500.0
5187,500.0
5188,500.0
5189,500.0
5190,500.0
5191,500.0
5192,500.0
5193,500.0
5194,500.0
5195,500.0
5196,500.0
5197,500.0
5198,500.0
5199,500.0
5200,500.0
5201,500.0
5202,500.0
5203,500.0
5204,500.0
5205,500.0
5206,500.0
5207,500.0
5208,500.0
5209,500.0
5210,500.0
5211,500.0
5212,500.0
5213,500.0
5214,500.0
5215,500.0
5216,500.0
5217,500.0
5218,500.0
5219,500.0
5220,500.0
5221,500.0
5222,500.0
5223,500.0
5224,500.0
5225,500.0
5226,500.0
5227,500.0
5228,500.0
5229,500.0
5230,500.0
5231,500.0
5232,500.0
5233,500.0
5234,500.0
5235,500.0
5236,500.0
5237,500.0
5238,500.0
5239,500.0
5240,500.0
5241,500.0
5242,500.0
5243,500.0
5244,500.0
5245,500.0
5246,500.0
5247,500.0
5248,500.0
5249,500.0
5250,500.0
5251,500.0
5252,500.0
5253,500.0
5254,500.0
5255,500.0
5256,500.0
5257,500.0
5258,500.0
5259,500.0
5260,500.0
5261,500.0
5262,500.0
5263,500.0
5264,500.0
5265,500.0
5266,500.0
5267,500.0
5268,500.0
5269,500.0
5270,500.0
5271,500.0
5272,500.0
5273,500.0
5274,500.0
5275,500.0
5276,500.0
5277,500.0
5278,500.0
5279,500.0
5280,500.0
5281,500.0
5282,500.0
5283,500.0
5284,500.0
5285,500.0
5286,500.0
5287,500.0
5288,500.0
5289,500.0
5290,500.0
5291,500.0
5292,500.0
5293,500.0
5294,500.0
5295,500.0
5296,500.0
5297,500.0
5298,500.0
5299,500.0
5300,500.0
5301,500.0
5302,500.0
5303,500.0
5304,500.0
5305,500.0
5306,500.0
5307,500.0
5308,500.0
5309,500.0
5310,500.0
5311,500.0
5312,500.0
5313,500.0
5314,500.0
5315,500.0
5316,500.0
5317,500.0
5318,500.0
5319,500.0
5320,500.0
5321,500.0
5322,500.0
5323,500.0
5324,500.0
5325,500.0
5326,500.0
5327,500.0
5328,500.0
5329,500.0
5330,500.0
5331,500.0
5332,500.0
5333,500.0
5334,500.0
5335,500.0
5336,500.0
5337,500.0
5338,500.0
5339,500.0
5340,500.0
5341,500.0
5342,500.0
5343,500.0
5344,500.0
5345,500.0
5346,500.0
5347,500.0
5348,500.0
5349,500.0
5350,500.0
5351,500.0
5352,500.0
5353,500.0
5354,500.0
5355,500.0
5356,500.0
5357,500.0
5358,500.0
5359,500.0
5360,500.0
5361,500.0
5362,500.0
5363,500.0
5364,500.0
5365,500.0
5366,500.0
5367,500.0
5368,500.0
5369,500.0
5370,500.0
5371,500.0
5372,500.0
5373,500.0
5374,500.0
5375,500.0
5376,500.0
5377,500.0
5378,500.0
5379,500.0
5380,500.0
5381,500.0
5382,500.0
5383,500.0
5384,500.0
5385,500.0
5386,500.0
5387,500.0
5388,500.0
5389,500.0
5390,500.0
5391,500.0
5392,500.0
5393,500.0
5394,500.0
5395,500.0
5396,500.0
5397,500.0
5398,500.0
5399,500.0
5400,500.0
5401,500.0
5402,500.0
5403,500.0
5404,500.0
5405,500.0
5406,500.0
5407,500.0
5408,500.0
5409,500.0
5410,500.0
5411,500.0
5412,500.0
5413,500.0
5414,500.0
5415,500.0
5416,500.0
5417,500.0
5418,500.0
5419,500.0
5420,500.0
5421,500.0
5422,500.0
5423,500.0
5424,500.0
5425,500.0
5426,500.0
5427,500.0
5428,500.0
5429,500.0
5430,500.0
5431,500.0
5432,500.0
5433,500.0
5434,500.0
5435,500.0
5436,500.0
5437,500.0
5438,500.0
5439,500.0
5440,500.0
5441,500.0
5442,500.0
5443,500.0
5444,500.0
5445,500.0
5446,500.0
5447,500.0
5448,500.0
5449,500.0
5450,500.0
5451,500.0
5452,500.0
5453,500.0
5454,500.0
5455,500.0
5456,500.0
5457,500.0
5458,500.0
5459,500.0
5460,500.0
5461,500.0
5462,500.0
5463,500.0
5464,500.0
5465,500.0
5466,500.0
5467,500.0
5468,500.0
5469,500.0
5470,500.0
5471,500.0
5472,500.0
5473,500.0
5474,500.0
5475,500.0
5476,500.0
5477,500.0
5478,500.0
5479,500.0
5480,500.0
5481,500.0
5482,500.0
5483,500.0
5484,500.0
5485,500.0
5486,500.0
5487,500.0
5488,500.0
5489,500.0
5490,500.0
5491,500.0
5492,500.0
5493,500.0
5494,500.0
5495,500.0
5496,500.0
5497,500.0
5498,500.0
5499,500.0
5500,500.0
5501,500.0
5502,500.0
5503,500.0
5504,500.0
5505,500.0
5506,500.0
5507,500.0
5508,500.0
5509,500.0
5510,500.0
5511,500.0
5512,500.0
5513,500.0
5514,500.0
5515,500.0
5516,500.0
5517,500.0
5518,500.0
5519,500.0
5520,500.0
5521,500.0
5522,500.0
5523,500.0
5524,500.0
5525,500.0
5526,500.0
5527,500.0
5528,500.0
5529,500.0
5530,500.0
5531,500.0
5532,500.0
5533,500.0
5534,500.0
5535,500.0
5536,500.0
5537,500.0
5538,500.0
5539,500.0
5540,500.0
5541,500.0
5542,500.0
5543,500.0
5544,500.0
5545,500.0
5546,500.0
5547,500.0
5548,500.0
5549,500.0
5550,500.0
5551,500.0
5552,500.0
5553,500.0
5554,500.0
5555,500.0
5556,500.0
5557,500.0
5558,500.0
5559,500.0
5560,500.0
5561,500.0
5562,500.0
5563,500.0
5564,500.0
5565,500.0
5566,500.0
5567,500.0
5568,500.0
5569,500.0
5570,500.0
5571,500.0
5572,500.0
5573,500.0
5574,500.0
5575,500.0
5576,500.0
5577,500.0
5578,500.0
5579,500.0
5580,500.0
5581,500.0
5582,500.0
5583,500.0
5584,500.0
5585,500.0
5586,500.0
5587,500.0
5588,500.0
5589,500.0
5590,500.0
5591,500.0
5592,500.0
5593,500.0
5594,500.0
5595,500.0
5596,500.0
5597,500.0
5598,500.0
5599,500.0
5600,500.0
5601,500.0
5602,500.0
5603,500.0
5604,500.0
5605,500.0
5606,500.0
5607,500.0
5608,500.0
5609,500.0
5610,500.0
5611,500.0
5612,500.0
5613,500.0
5614,500.0
5615,500.0
5616,500.0
5617,500.0
5618,500.0
5619,500.0
5620,500.0
5621,500.0
5622,500.0
5623,500.0
5624,500.0
5625,500.0
5626,500.0
5627,500.0
5628,500.0
5629,500.0
5630,500.0
5631,500.0
5632,500.0
5633,500.0
5634,500.0
5635,500.0
5636,500.0
5637,500.0
5638,500.0
5639,500.0
5640,500.0
5641,500.0
5642,500.0
5643,500.0
5644,500.0
5645,500.0
5646,500.0
5647,500.0
5648,500.0
5649,500.0
5650,500.0
5651,500.0
5652,500.0
5653,500.0
5654,500.0
5655,500.0
5656,500.0
5657,500.0
5658,500.0
5659,500.0
5660,500.0
5661,500.0
5662,500.0
5663,500.0
5664,500.0
5665,500.0
5666,500.0
5667,500.0
5668,500.0
5669,500.0
5670,500.0
5671,500.0
5672,500.0
5673,500.0
5674,500.0
5675,500.0
5676,500.0
5677,500.0
5678,500.0
5679,500.0
5680,500.0
5681,500.0
5682,500.0
5683,500.0
5684,500.0
5685,500.0
5686,500.0
5687,500.0
5688,500.0
5689,500.0
5690,500.0
5691,500.0
5692,500.0
5693,500.0
5694,500.0
5695,500.0
5696,500.0
5697,500.0
5698,500.0
5699,500.0
5700,500.0
5701,500.0
5702,500.0
5703,500.0
5704,500.0
5705,500.0
5706,500.0
5707,500.0
5708,500.0
5709,500.0
5710,500.0
5711,500.0
5712,500.0
5713,500.0
5714,500.0
5715,500.0
5716,500.0
5717,500.0
5718,500.0
5719,500.0
5720,500.0
5721,500.0
5722,500.0
5723,500.0
5724,500.0
5725,500.0
5726,500.0
5727,500.0
5728,500.0
5729,500.0
5730,500.0
5731,500.0
5732,500.0
5733,500.0
5734,500.0
5735,500.0
5736,500.0
5737,500.0
5738,500.0
5739,500.0
5740,500.0
5741,500.0
5742,500.0
5743,500.0
5744,500.0
5745,500.0
5746,500.0
5747,500.0
5748,500.0
5749,500.0
5750,500.0
5751,500.0
5752,500.0
5753,500.0
5754,500.0
5755,500.0
5756,500.0
5757,500.0
5758,500.0
5759,500.0
5760,500.0
5761,500.0
5762,500.0
5763,500.0
5764,500.0
5765,500.0
5766,500.0
5767,500.0
5768,500.0
5769,500.0
5770,500.0
5771,500.0
5772,500.0
5773,500.0
5774,500.0
5775,500.0
5776,500.0
5777,500.0
5778,500.0
5779,500.0
5780,500.0
5781,500.0
5782,500.0
5783,500.0
5784,500.0
5785,500.0
5786,500.0
5787,500.0
5788,500.0
5789,500.0
5790,500.0
5791,500.0
5792,500.0
5793,500.0
5794,500.0
5795,500.0
5796,500.0
5797,500.0
5798,500.0
5799,500.0
5800,500.0
5801,500.0
5802,500.0
5803,500.0
5804,500.0
5805,500.0
5806,500.0
5807,500.0
5808,500.0
5809,500.0
5810,500.0
5811,500.0
5812,500.0
5813,500.0
5814,500.0
5815,500.0
5816,500.0
5817,500.0
5818,500.0
5819,500.0
5820,500.0
5821,500.0
5822,500.0
5823,500.0
5824,500.0
5825,500.0
5826,500.0
5827,500.0
5828,500.0
5829,500.0
5830,500.0
5831,500.0
5832,500.0
5833,500.0
5834,500.0
5835,500.0
5836,500.0
5837,500.0
5838,500.0
5839,500.0
5840,500.0
5841,500.0
5842,500.0
5843,500.0
5844,500.0
5845,500.0
5846,500.0
5847,500.0
5848,500.0
5849,500.0
5850,500.0
5851,500.0
5852,500.0
5853,500.0
5854,500.0
5855,500.0
5856,500.0
5857,500.0
5858,500.0
5859,500.0
5860,500.0
5861,500.0
5862,500.0
5863,500.0
5864,500.0
5865,500.0
5866,500.0
5867,500.0
5868,500.0
5869,500.0
5870,500.0
5871,500.0
5872,500.0
5873,500.0
5874,500.0
5875,500.0
5876,500.0
5877,500.0
5878,500.0
5879,500.0
5880,500.0
5881,500.0
5882,500.0
5883,500.0
5884,500.0
5885,500.0
5886,500.0
5887,500.0
5888,500.0
5889,500.0
5890,500.0
5891,500.0
5892,500.0
5893,500.0
5894,500.0
5895,500.0
5896,500.0
5897,500.0
5898,500.0
5899,500.0
5900,500.0
5901,500.0
5902,500.0
5903,500.0
5904,500.0
5905,500.0
5906,500.0
5907,500.0
5908,500.0
5909,500.0
5910,500.0
5911,500.0
5912,500.0
5913,500.0
5914,500.0
5915,500.0
5916,500.0
5917,500.0
5918,500.0
5919,500.0
5920,500.0
5921,500.0
5922,500.0
5923,500.0
5924,500.0
5925,500.0
5926,500.0
5927,500.0
5928,500.0
5929,500.0
5930,500.0
5931,500.0
5932,500.0
5933,500.0
5934,500.0
5935,500.0
5936,500.0
5937,500.0
5938,500.0
5939,500.0
5940,500.0
5941,500.0
5942,500.0
5943,500.0
5944,500.0
5945,500.0
5946,500.0
5947,500.0
5948,500.0
5949,500.0
5950,500.0
5951,500.0
5952,500.0
5953,500.0
5954,500.0
5955,500.0
5956,500.0
5957,500.0
5958,500.0
5959,500.0
5960,500.0
5961,500.0
5962,500.0
5963,500.0
5964,500.0
5965,500.0
5966,500.0
5967,500.0
5968,500.0
5969,500.0
5970,500.0
5971,500.0
5972,500.0
5973,500.0
5974,500.0
5975,500.0
5976,500.0
5977,500.0
5978,500.0
5979,500.0
5980,500.0
5981,500.0
5982,500.0
5983,500.0
5984,500.0
5985,500.0
5986,500.0
5987,500.0
5988,500.0
5989,500.0
5990,500.0
5991,500.0
5992,500.0
5993,500.0
5994,500.0
5995,500.0
5996,500.0
5997,500.0
5998,500.0
5999,500.0
6000,500.0
6001,500.0
6002,500.0
6003,500.0
6004,500.0
6005,500.0
6006,500.0
6007,500.0
6008,500.0
6009,500.0
6010,500.0
6011,500.0
6012,500.0
6013,500.0
6014,500.0
6015,500.0
6016,500.0
6017,500.0
6018,500.0
6019,500.0
6020,500.0
6021,500.0
6022,500.0
6023,500.0
6024,500.0
6025,500.0
6026,500.0
6027,500.0
6028,500.0
6029,500.0
6030,500.0
6031,500.0
6032,500.0
6033,500.0
6034,500.0
6035,500.0
6036,500.0
6037,500.0
6038,500.0
6039,500.0
6040,500.0
6041,500.0
6042,500.0
6043,500.0
6044,500.0
6045,500.0
6046,500.0
6047,500.0
6048,500.0
6049,500.0
6050,500.0
6051,500.0
6052,500.0
6053,500.0
6054,500.0
6055,500.0
6056,500.0
6057,500.0
6058,500.0
6059,500.0
6060,500.0
6061,500.0
6062,500.0
6063,500.0
6064,500.0
6065,500.0
6066,500.0
6067,500.0
6068,500.0
6069,500.0
6070,500.0
6071,500.0
6072,500.0
6073,500.0
6074,500.0
6075,500.0
6076,500.0
6077,500.0
6078,500.0
6079,500.0
6080,500.0
6081,500.0
6082,500.0
6083,500.0
6084,500.0
6085,500.0
6086,500.0
6087,500.0
6088,500.0
6089,500.0
6090,500.0
6091,500.0
6092,500.0
6093,500.0
6094,500.0
6095,500.0
6096,500.0
6097,500.0
6098,500.0
6099,500.0
6100,500.0
6101,500.0
6102,500.0
6103,500.0
6104,500.0
6105,500.0
6106,500.0
6107,500.0
6108,500.0
6109,500.0
6110,500.0
6111,500.0
6112,500.0
6113,500.0
6114,500.0
6115,500.0
6116,500.0
6117,500.0
6118,500.0
6119,500.0
6120,500.0
6121,500.0
6122,500.0
6123,500.0
6124,500.0
6125,500.0
6126,500.0
6127,500.0
6128,500.0
6129,500.0
6130,500.0
6131,500.0
6132,500.0
6133,500.0
6134,500.0
6135,500.0
6136,500.0
6137,500.0
6138,500.0
6139,500.0
6140,500.0
6141,500.0
6142,500.0
6143,500.0
6144,500.0
6145,500.0
6146,500.0
6147,500.0
6148,500.0
6149,500.0
6150,500.0
6151,500.0
6152,500.0
6153,500.0
6154,500.0
6155,500.0
6156,500.0
6157,500.0
6158,500.0
6159,500.0
6160,500.0
6161,500.0
6162,500.0
6163,500.0
6164,500.0
6165,500.0
6166,500.0
6167,500.0
6168,500.0
6169,500.0
6170,500.0
6171,500.0
6172,500.0
6173,500.0
6174,500.0
6175,500.0
6176,500.0
6177,500.0
6178,500.0
6179,500.0
6180,500.0
6181,500.0
6182,500.0
6183,500.0
6184,500.0
6185,500.0
6186,500.0
6187,500.0
6188,500.0
6189,500.0
6190,500.0
6191,500.0
6192,500.0
6193,500.0
6194,500.0
6195,500.0
6196,500.0
6197,500.0
6198,500.0
6199,500.0
6200,500.0
6201,500.0
6202,500.0
6203,500.0
6204,500.0
6205,500.0
6206,500.0
6207,500.0
6208,500.0
6209,500.0
6210,500.0
6211,500.0
6212,500.0
6213,500.0
6214,500.0
6215,500.0
6216,500.0
6217,500.0
6218,500.0
6219,500.0
6220,500.0
6221,500.0
6222,500.0
6223,500.0
6224,500.0
6225,500.0
6226,500.0
6227,500.0
6228,500.0
6229,500.0
6230,500.0
6231,500.0
6232,500.0
6233,500.0
6234,500.0
6235,500.0
6236,500.0
6237,500.0
6238,500.0
6239,500.0
6240,500.0
6241,500.0
6242,500.0
6243,500.0
6244,500.0
6245,500.0
6246,500.0
6247,500.0
6248,500.0
6249,500.0
6250,500.0
6251,500.0
6252,500.0
6253,500.0
6254,500.0
6255,500.0
6256,500.0
6257,500.0
6258,500.0
6259,500.0
6260,500.0
6261,500.0
6262,500.0
6263,500.0
6264,500.0
6265,500.0
6266,500.0
6267,500.0
6268,500.0
6269,500.0
6270,500.0
6271,500.0
6272,500.0
6273,500.0
6274,500.0
6275,500.0
6276,500.0
6277,500.0
6278,500.0
6279,500.0
6280,500.0
6281,500.0
6282,500.0
6283,500.0
6284,500.0
6285,500.0
6286,500.0
6287,500.0
6288,500.0
6289,500.0
6290,500.0
6291,500.0
6292,500.0
6293,500.0
6294,500.0
6295,500.0
6296,500.0
6297,500.0
6298,500.0
6299,500.0
6300,500.0
6301,500.0
6302,500.0
6303,500.0
6304,500.0
6305,500.0
6306,500.0
6307,500.0
6308,500.0
6309,500.0
6310,500.0
6311,500.0
6312,500.0
6313,500.0
6314,500.0
6315,500.0
6316,500.0
6317,500.0
6318,500.0
6319,500.0
6320,500.0
6321,500.0
6322,500.0
6323,500.0
6324,500.0
6325,500.0
6326,500.0
6327,500.0
6328,500.0
6329,500.0
6330,500.0
6331,500.0
6332,500.0
6333,500.0
6334,500.0
6335,500.0
6336,500.0
6337,500.0
6338,500.0
6339,500.0
6340,500.0
6341,500.0
6342,500.0
6343,500.0
6344,500.0
6345,500.0
6346,500.0
6347,500.0
6348,500.0
6349,500.0
6350,500.0
6351,500.0
6352,500.0
6353,500.0
6354,500.0
6355,500.0
6356,500.0
6357,500.0
6358,500.0
6359,500.0
6360,500.0
6361,500.0
6362,500.0
6363,500.0
6364,500.0
6365,500.0
6366,500.0
6367,500.0
6368,500.0
6369,500.0
6370,500.0
6371,500.0
6372,500.0
6373,500.0
6374,500.0
6375,500.0
6376,500.0
6377,500.0
6378,500.0
6379,500.0
6380,500.0
6381,500.0
6382,500.0
6383,500.0
6384,500.0
6385,500.0
6386,500.0
6387,500.0
6388,500.0
6389,500.0
6390,500.0
6391,500.0
6392,500.0
6393,500.0
6394,500.0
6395,500.0
6396,500.0
6397,500.0
6398,500.0
6399,500.0
6400,500.0
6401,500.0
6402,500.0
6403,500.0
6404,500.0
6405,500.0
6406,500.0
6407,500.0
6408,500.0
6409,500.0
6410,500.0
6411,500.0
6412,500.0
6413,500.0
6414,500.0
6415,500.0
6416,500.0
6417,500.0
6418,500.0
6419,500.0
6420,500.0
6421,500.0
6422,500.0
6423,500.0
6424,500.0
6425,500.0
6426,500.0
6427,500.0
6428,500.0
6429,500.0
6430,500.0
6431,500.0
6432,500.0
6433,500.0
6434,500.0
6435,500.0
6436,500.0
6437,500.0
6438,500.0
6439,500.0
6440,500.0
6441,500.0
6442,500.0
6443,500.0
6444,500.0
6445,500.0
6446,500.0
6447,500.0
6448,500.0
6449,500.0
6450,500.0
6451,500.0
6452,500.0
6453,500.0
6454,500.0
6455,500.0
6456,500.0
6457,500.0
6458,500.0
6459,500.0
6460,500.0
6461,500.0
6462,500.0
6463,500.0
6464,500.0
6465,500.0
6466,500.0
6467,500.0
6468,500.0
6469,500.0
6470,500.0
6471,500.0
6472,500.0
6473,500.0
6474,500.0
6475,500.0
6476,500.0
6477,500.0
6478,500.0
6479,500.0
6480,500.0
6481,500.0
6482,500.0
6483,500.0
6484,500.0
6485,500.0
6486,500.0
6487,500.0
6488,500.0
6489,500.0
6490,500.0
6491,500.0
6492,500.0
6493,500.0
6494,500.0
6495,500.0
6496,500.0
6497,500.0
6498,500.0
6499,500.0
6500,500.0
6501,500.0
6502,500.0
6503,500.0
6504,500.0
6505,500.0
6506,500.0
6507,500.0
6508,500.0
6509,500.0
6510,500.0
6511,500.0
6512,500.0
6513,500.0
6514,500.0
6515,500.0
6516,500.0
6517,500.0
6518,500.0
6519,500.0
6520,500.0
6521,500.0
6522,500.0
6523,500.0
6524,500.0
6525,500.0
6526,500.0
6527,500.0
6528,500.0
6529,500.0
6530,500.0
6531,500.0
6532,500.0
6533,500.0
6534,500.0
6535,500.0
6536,500.0
6537,500.0
6538,500.0
6539,500.0
6540,500.0
6541,500.0
6542,500.0
6543,500.0
6544,500.0
6545,500.0
6546,500.0
6547,500.0
6548,500.0
6549,500.0
6550,500.0
6551,500.0
6552,500.0
6553,500.0
6554,500.0
6555,500.0
6556,500.0
6557,500.0
6558,500.0
6559,500.0
6560,500.0
6561,500.0
6562,500.0
6563,500.0
6564,500.0
6565,500.0
6566,500.0
6567,500.0
6568,500.0
6569,500.0
6570,500.0
6571,500.0
6572,500.0
6573,500.0
6574,500.0
6575,500.0
6576,500.0
6577,500.0
6578,500.0
6579,500.0
6580,500.0
6581,500.0
6582,500.0
6583,500.0
6584,500.0
6585,500.0
6586,500.0
6587,500.0
6588,500.0
6589,500.0
6590,500.0
6591,500.0
6592,500.0
6593,500.0
6594,500.0
6595,500.0
6596,500.0
6597,500.0
6598,500.0
6599,500.0
6600,500.0
6601,500.0
6602,500.0
6603,500.0
6604,500.0
6605,500.0
6606,500.0
6607,500.0
6608,500.0
6609,500.0
6610,500.0
6611,500.0
6612,500.0
6613,500.0
6614,500.0
6615,500.0
6616,500.0
6617,500.0
6618,500.0
6619,500.0
6620,500.0
6621,500.0
6622,500.0
6623,500.0
6624,500.0
6625,500.0
6626,500.0
6627,500.0
6628,500.0
6629,500.0
6630,500.0
6631,500.0
6632,500.0
6633,500.0
6634,500.0
6635,500.0
6636,500.0
6637,500.0
6638,500.0
6639,500.0
6640,500.0
6641,500.0
6642,500.0
6643,500.0
6644,500.0
6645,500.0
6646,500.0
6647,500.0
6648,500.0
6649,500.0
6650,500.0
6651,500.0
6652,500.0
6653,500.0
6654,500.0
6655,500.0
6656,500.0
6657,500.0
6658,500.0
6659,500.0
6660,500.0
6661,500.0
6662,500.0
6663,500.0
6664,500.0
6665,500.0
6666,500.0
6667,500.0
6668,500.0
6669,500.0
6670,500.0
6671,500.0
6672,500.0
6673,500.0
6674,500.0
6675,500.0
6676,500.0
6677,500.0
6678,500.0
6679,500.0
6680,500.0
6681,500.0
6682,500.0
6683,500.0
6684,500.0
6685,500.0
6686,500.0
6687,500.0
6688,500.0
6689,500.0
6690,500.0
6691,500.0
6692,500.0
6693,500.0
6694,500.0
6695,500.0
6696,500.0
6697,500.0
6698,500.0
6699,500.0
6700,500.0
6701,500.0
6702,500.0
6703,500.0
6704,500.0
6705,500.0
6706,500.0
6707,500.0
6708,500.0
6709,500.0
6710,500.0
6711,500.0
6712,500.0
6713,500.0
6714,500.0
6715,500.0
6716,500.0
6717,500.0
6718,500.0
6719,500.0
6720,500.0
6721,500.0
6722,500.0
6723,500.0
6724,500.0
6725,500.0
6726,500.0
6727,500.0
6728,500.0
6729,500.0
6730,500.0
6731,500.0
6732,500.0
6733,500.0
6734,500.0
6735,500.0
6736,500.0
6737,500.0
6738,500.0
6739,500.0
6740,500.0
6741,500.0
6742,500.0
6743,500.0
6744,500.0
6745,500.0
6746,500.0
6747,500.0
6748,500.0
6749,500.0
6750,500.0
6751,500.0
6752,500.0
6753,500.0
6754,500.0
6755,500.0
6756,500.0
6757,500.0
6758,500.0
6759,500.0
6760,500.0
6761,500.0
6762,500.0
6763,500.0
6764,500.0
6765,500.0
6766,500.0
6767,500.0
6768,500.0
6769,500.0
6770,500.0
6771,500.0
6772,500.0
6773,500.0
6774,500.0
6775,500.0
6776,500.0
6777,500.0
6778,500.0
6779,500.0
6780,500.0
6781,500.0
6782,500.0
6783,500.0
6784,500.0
6785,500.0
6786,500.0
6787,500.0
6788,500.0
6789,500.0
6790,500.0
6791,500.0
6792,500.0
6793,500.0
6794,500.0
6795,500.0
6796,500.0
6797,500.0
6798,500.0
6799,500.0
6800,500.0
6801,500.0
6802,500.0
6803,500.0
6804,500.0
6805,500.0
6806,500.0
6807,500.0
6808,500.0
6809,500.0
6810,500.0
6811,500.0
6812,500.0
6813,500.0
6814,500.0
6815,500.0
6816,500.0
6817,500.0
6818,500.0
6819,500.0
6820,500.0
6821,500.0
6822,500.0
6823,500.0
6824,500.0
6825,500.0
6826,500.0
6827,500.0
6828,500.0
6829,500.0
6830,500.0
6831,500.0
6832,500.0
6833,500.0
6834,500.0
6835,500.0
6836,500.0
6837,500.0
6838,500.0
6839,500.0
6840,500.0
6841,500.0
6842,500.0
6843,500.0
6844,500.0
6845,500.0
6846,500.0
6847,500.0
6848,500.0
6849,500.0
6850,500.0
6851,500.0
6852,500.0
6853,500.0
6854,500.0
6855,500.0
6856,500.0
6857,500.0
6858,500.0
6859,500.0
6860,500.0
6861,500.0
6862,500.0
6863,500.0
6864,500.0
6865,500.0
6866,500.0
6867,500.0
6868,500.0
6869,500.0
6870,500.0
6871,500.0
6872,500.0
6873,500.0
6874,500.0
6875,500.0
6876,500.0
6877,500.0
6878,500.0
6879,500.0
6880,500.0
6881,500.0
6882,500.0
6883,500.0
6884,500.0
6885,500.0
6886,500.0
6887,500.0
6888,500.0
6889,500.0
6890,500.0
6891,500.0
6892,500.0
6893,500.0
6894,500.0
6895,500.0
6896,500.0
6897,500.0
6898,500.0
6899,500.0
6900,500.0
6901,500.0
6902,500.0
6903,500.0
6904,500.0
6905,500.0
6906,500.0
6907,500.0
6908,500.0
6909,500.0
6910,500.0
6911,500.0
6912,500.0
6913,500.0
6914,500.0
6915,500.0
6916,500.0
6917,500.0
6918,500.0
6919,500.0
6920,500.0
6921,500.0
6922,500.0
6923,500.0
6924,500.0
6925,500.0
6926,500.0
6927,500.0
6928,500.0
6929,500.0
6930,500.0
6931,500.0
6932,500.0
6933,500.0
6934,500.0
6935,500.0
6936,500.0
6937,500.0
6938,500.0
6939,500.0
6940,500.0
6941,500.0
6942,500.0
6943,500.0
6944,500.0
6945,500.0
6946,500.0
6947,500.0
6948,500.0
6949,500.0
6950,500.0
6951,500.0
6952,500.0
6953,500.0
6954,500.0
6955,500.0
6956,500.0
6957,500.0
6958,500.0
6959,500.0
6960,500.0
6961,500.0
6962,500.0
6963,500.0
6964,500.0
6965,500.0
6966,500.0
6967,500.0
6968,500.0
6969,500.0
6970,500.0
6971,500.0
6972,500.0
6973,500.0
6974,500.0
6975,500.0
6976,500.0
6977,500.0
6978,500.0
6979,500.0
6980,500.0
6981,500.0
6982,500.0
6983,500.0
6984,500.0
6985,500.0
6986,500.0
6987,500.0
6988,500.0
6989,500.0
6990,500.0
6991,500.0
6992,500.0
6993,500.0
6994,500.0
6995,500.0
6996,500.0
6997,500.0
6998,500.0
6999,500.0
7000,500.0
7001,500.0
7002,500.0
7003,500.0
7004,500.0
7005,500.0
7006,500.0
7007,500.0
7008,500.0
7009,500.0
7010,500.0
7011,500.0
7012,500.0
7013,500.0
7014,500.0
7015,500.0
7016,500.0
7017,500.0
7018,500.0
7019,500.0
7020,500.0
7021,500.0
7022,500.0
7023,500.0
7024,500.0
7025,500.0
7026,500.0
7027,500.0
7028,500.0
7029,500.0
7030,500.0
7031,500.0
7032,500.0
7033,500.0
7034,500.0
7035,500.0
7036,500.0
7037,500.0
7038,500.0
7039,500.0
7040,500.0
7041,500.0
7042,500.0
7043,500.0
7044,500.0
7045,500.0
7046,500.0
7047,500.0
7048,500.0
7049,500.0
7050,500.0
7051,500.0
7052,500.0
7053,500.0
7054,500.0
7055,500.0
7056,500.0
7057,500.0
7058,500.0
7059,500.0
7060,500.0
7061,500.0
7062,500.0
7063,500.0
7064,500.0
7065,500.0
7066,500.0
7067,500.0
7068,500.0
7069,500.0
7070,500.0
7071,500.0
7072,500.0
7073,500.0
7074,500.0
7075,500.0
7076,500.0
7077,500.0
7078,500.0
7079,500.0
7080,500.0
7081,500.0
7082,500.0
7083,500.0
7084,500.0
7085,500.0
7086,500.0
7087,500.0
7088,500.0
7089,500.0
7090,500.0
7091,500.0
7092,500.0
7093,500.0
7094,500.0
7095,500.0
7096,500.0
7097,500.0
7098,500.0
7099,500.0
7100,500.0
7101,500.0
7102,500.0
7103,500.0
7104,500.0
7105,500.0
7106,500.0
7107,500.0
7108,500.0
7109,500.0
7110,500.0
7111,500.0
7112,500.0
7113,500.0
7114,500.0
7115,500.0
7116,500.0
7117,500.0
7118,500.0
7119,500.0
7120,500.0
7121,500.0
7122,500.0
7123,500.0
7124,500.0
7125,500.0
7126,500.0
7127,500.0
7128,500.0
7129,500.0
7130,500.0
7131,500.0
7132,500.0
7133,500.0
7134,500.0
7135,500.0
7136,500.0
7137,500.0
7138,500.0
7139,500.0
7140,500.0
7141,500.0
7142,500.0
7143,500.0
7144,500.0
7145,500.0
7146,500.0
7147,500.0
7148,500.0
7149,500.0
7150,500.0
7151,500.0
7152,500.0
7153,500.0
7154,500.0
7155,500.0
7156,500.0
7157,500.0
7158,500.0
7159,500.0
7160,500.0
7161,500.0
7162,500.0
7163,500.0
7164,500.0
7165,500.0
7166,500.0
7167,500.0
7168,500.0
7169,500.0
7170,500.0
7171,500.0
7172,500.0
7173,500.0
7174,500.0
7175,500.0
7176,500.0
7177,500.0
7178,500.0
7179,500.0
7180,500.0
7181,500.0
7182,500.0
7183,500.0
7184,500.0
7185,500.0
7186,500.0
7187,500.0
7188,500.0
7189,500.0
7190,500.0
7191,500.0
7192,500.0
7193,500.0
7194,500.0
7195,500.0
7196,500.0
7197,500.0
7198,500.0
7199,500.0
7200,500.0